0	2.04011191	4.03761604	8.49490000
1	2.04485131	4.01422729	-1.00000000
2	1.99204526	3.98985205	-1.00000000
3	2.03589039	4.03592092	-1.00000000
4	1.97046854	3.98778421	-1.00000000
5	1.98314533	4.01859804	-1.00000000
6	2.01051957	4.02348725	-1.00000000
7	2.01549325	4.02318928	-1.00000000
8	1.99554048	4.01730612	-1.00000000
9	1.97175082	3.95145010	-1.00000000
10	2.00231512	4.00449239	-1.00000000
11	2.04093980	4.01765186	-1.00000000
12	1.99987185	4.02686128	-1.00000000
13	2.06182916	4.04490131	-1.00000000
14	1.98790481	4.00555644	-1.00000000
15	1.94356236	3.97761176	-1.00000000
16	2.01366113	4.00517101	-1.00000000
17	2.01731465	4.03693619	-1.00000000
18	2.00044412	3.99900375	-1.00000000
19	2.07901519	4.04652254	-1.00000000
20	2.04180067	3.99397276	-1.00000000
21	2.05548323	4.02840959	-1.00000000
22	2.06490435	4.01323106	-1.00000000
23	2.01999151	4.03985367	-1.00000000
24	2.02203964	4.00912283	-1.00000000
25	1.99210700	3.98946017	-1.00000000
26	1.97443881	4.00206533	-1.00000000
27	2.01442662	3.99865182	-1.00000000
28	2.04803835	4.03116612	-1.00000000
29	2.04235280	4.04065208	-1.00000000
30	1.97593165	3.99797918	-1.00000000
31	2.02659770	4.05098862	-1.00000000
32	2.04114113	4.00717229	-1.00000000
33	2.02485314	3.99270264	-1.00000000
34	2.03987138	4.02059322	-1.00000000
35	1.99987365	3.94868361	-1.00000000
36	1.97052972	3.97978228	-1.00000000
37	2.02143484	4.01716228	-1.00000000
38	2.03520747	3.99938698	-1.00000000
39	2.01916345	3.99981429	-1.00000000
40	1.98680486	3.97278921	-1.00000000
41	2.01995768	4.03315634	-1.00000000
42	2.00146234	3.98117691	-1.00000000
43	2.06820552	4.04942657	-1.00000000
44	2.09404940	4.04254401	-1.00000000
45	2.01961989	3.98354467	-1.00000000
46	1.99311047	3.99195787	-1.00000000
47	2.05851446	4.00270736	-1.00000000
48	1.98239799	3.95857597	-1.00000000
49	2.03971614	4.03053420	-1.00000000
50	2.07588237	4.03236658	8.16430000
51	2.05118851	4.01050604	-1.00000000
52	2.03173387	4.00408575	-1.00000000
53	2.05889638	4.05784601	-1.00000000
54	2.05104054	4.01680192	-1.00000000
55	1.96827109	3.98636642	-1.00000000
56	2.01769604	4.02437886	-1.00000000
57	2.03172009	4.04237543	-1.00000000
58	1.99604031	3.99392740	-1.00000000
59	2.01848196	4.01966565	-1.00000000
60	1.98855384	4.00047606	-1.00000000
61	2.05565262	4.01289616	-1.00000000
62	2.03054550	4.00479808	-1.00000000
63	2.01503692	4.00629540	-1.00000000
64	2.03183636	4.00424765	-1.00000000
65	2.04047718	4.02741244	-1.00000000
66	2.01060758	4.02136743	-1.00000000
67	2.01808721	4.00510294	-1.00000000
68	2.00644503	4.03100308	-1.00000000
69	2.04266872	4.04284297	-1.00000000
70	2.01979698	4.02759111	-1.00000000
71	1.98193176	3.99340623	-1.00000000
72	2.04547959	4.01413566	-1.00000000
73	1.98954560	3.97118479	-1.00000000
74	2.05169158	4.03837556	-1.00000000
75	1.95917225	3.97458144	-1.00000000
76	2.01411474	4.04986283	-1.00000000
77	1.97205121	3.99592560	-1.00000000
78	1.99845767	3.97719245	-1.00000000
79	2.01862602	4.01666273	-1.00000000
80	1.99360317	3.99984341	-1.00000000
81	1.97933356	3.98498955	-1.00000000
82	1.99143686	3.95474459	-1.00000000
83	1.94798963	3.97755030	-1.00000000
84	2.01898232	4.02011402	-1.00000000
85	2.05247293	4.02895282	-1.00000000
86	2.03013629	4.01308708	-1.00000000
87	2.02463339	4.01566040	-1.00000000
88	2.03225147	4.03816818	-1.00000000
89	2.04770741	4.03126537	-1.00000000
90	2.02600265	4.00834016	-1.00000000
91	1.99577092	3.98506078	-1.00000000
92	1.99386998	3.99423800	-1.00000000
93	1.98192618	3.97612121	-1.00000000
94	2.02331585	4.06846526	-1.00000000
95	1.99486242	4.00153382	-1.00000000
96	2.00870642	4.00761665	-1.00000000
97	2.02077362	4.00295975	-1.00000000
98	1.99762758	4.00660113	-1.00000000
99	2.01677259	3.99721498	-1.00000000
100	1.92655890	3.85217936	6.21030000
101	1.66692777	3.65173932	-1.00000000
102	1.64125264	3.68184711	-1.00000000
103	1.60040841	3.55855376	-1.00000000
104	2.62639765	3.94719905	-1.00000000
105	1.59519475	3.55001476	-1.00000000
106	1.68371857	3.63215227	-1.00000000
107	1.79035971	3.65119483	-1.00000000
108	1.63687786	3.62459366	-1.00000000
109	1.62108291	3.55399575	-1.00000000
110	1.67989003	3.55394967	-1.00000000
111	1.54965825	3.35818485	-1.00000000
112	1.55839930	3.37660752	-1.00000000
113	3.29342193	3.94056387	-1.00000000
114	1.72699071	3.43988214	-1.00000000
115	1.46035282	3.16730684	-1.00000000
116	1.45369280	3.14782297	-1.00000000
117	1.35803378	3.11592183	-1.00000000
118	2.28178761	3.26890501	-1.00000000
119	3.31986836	3.50689762	-1.00000000
120	2.01743614	2.98321801	-1.00000000
121	1.44230407	2.66868799	-1.00000000
122	2.13772674	2.78190069	-1.00000000
123	3.20271217	3.07381132	-1.00000000
124	1.91574576	2.67083157	-1.00000000
125	1.04919272	1.94957766	-1.00000000
126	0.96832526	2.02078838	-1.00000000
127	0.97436203	2.06860311	-1.00000000
128	1.10133849	2.01485896	-1.00000000
129	0.92369302	1.82298593	-1.00000000
130	1.69441720	2.13538884	-1.00000000
131	0.83206864	1.80399889	-1.00000000
132	2.22247457	2.68239347	-1.00000000
133	1.01506426	1.67366191	-1.00000000
134	1.78159174	2.08776203	-1.00000000
135	1.83303624	1.98025358	-1.00000000
136	1.10077741	1.69092845	-1.00000000
137	1.86240816	2.07768517	-1.00000000
138	1.12552098	1.70300837	-1.00000000
139	1.67231711	1.79319260	-1.00000000
140	2.25329869	2.01192613	-1.00000000
141	2.20580387	1.97899487	-1.00000000
142	1.75595542	1.98242605	-1.00000000
143	2.24006041	1.88334229	-1.00000000
144	1.65911488	1.81467674	-1.00000000
145	1.57800116	1.75377377	-1.00000000
146	1.08282387	1.55906470	-1.00000000
147	1.01223687	1.64336484	-1.00000000
148	1.66489705	1.70739826	-1.00000000
149	0.91045643	1.47071675	-1.00000000
150	1.46026212	1.53416932	4.33210000
151	1.54448698	1.77337308	-1.00000000
152	1.67855502	1.43784633	-1.00000000
153	1.46246196	1.39433009	-1.00000000
154	0.85062524	1.18506243	-1.00000000
155	1.23888898	1.33083062	-1.00000000
156	1.44397379	1.33877831	-1.00000000
157	1.01458993	1.15594468	-1.00000000
158	0.80427358	0.98895469	-1.00000000
159	0.85596745	1.03217397	-1.00000000
160	0.84282580	1.03846691	-1.00000000
161	0.72879940	0.90192626	-1.00000000
162	1.25144067	0.97983447	-1.00000000
163	1.28935269	1.00998967	-1.00000000
164	1.42085302	1.06286930	-1.00000000
165	1.26295385	0.94812330	-1.00000000
166	0.64025051	0.70906964	-1.00000000
167	1.22345978	0.86527517	-1.00000000
168	1.14471064	0.76115831	-1.00000000
169	0.74431874	0.76991968	-1.00000000
170	0.85892258	0.77682235	-1.00000000
171	0.66249890	0.69351837	-1.00000000
172	0.76772518	0.76125209	-1.00000000
173	1.31718518	0.85452546	-1.00000000
174	0.63573127	0.70036078	-1.00000000
175	0.64338661	0.67785876	-1.00000000
176	0.91466446	0.73557385	-1.00000000
177	0.65789846	0.69803421	-1.00000000
178	0.56987628	0.66668648	-1.00000000
179	0.59195516	0.65382498	-1.00000000
180	1.62445527	1.40815500	-1.00000000
181	0.61933205	0.66131221	-1.00000000
182	0.81197758	0.75976824	-1.00000000
183	0.63132136	0.65464947	-1.00000000
184	0.71385972	0.70151264	-1.00000000
185	1.23426144	0.92904070	-1.00000000
186	0.65955257	0.67281743	-1.00000000
187	0.90936336	1.01366905	-1.00000000
188	0.73413546	0.70769865	-1.00000000
189	0.69163214	0.76931654	-1.00000000
190	0.70045410	0.71473204	-1.00000000
191	0.57002392	0.64415765	-1.00000000
192	0.58598940	0.63791996	-1.00000000
193	0.64840294	0.68389011	-1.00000000
194	0.54087354	0.59413882	-1.00000000
195	0.61796910	0.63376723	-1.00000000
196	0.62952238	0.66823146	-1.00000000
197	0.56118618	0.63226028	-1.00000000
198	0.52682534	0.58396672	-1.00000000
199	0.53325706	0.60351182	-1.00000000
200	0.64913847	0.67758286	4.90690000
201	0.65720736	0.68268272	-1.00000000
202	0.70508651	0.73873941	-1.00000000
203	0.64651883	0.88460245	-1.00000000
204	0.55382443	0.62499819	-1.00000000
205	0.51470989	0.57871418	-1.00000000
206	0.69087147	0.71704208	-1.00000000
207	0.65529728	1.00118887	-1.00000000
208	0.60226150	0.66827295	-1.00000000
209	0.62297173	0.69708504	-1.00000000
210	0.55332917	0.69407890	-1.00000000
211	1.48653662	1.29732266	-1.00000000
212	0.57276617	0.69604851	-1.00000000
213	0.54817849	0.61072252	-1.00000000
214	0.61472232	0.72421316	-1.00000000
215	0.56771274	0.66846996	-1.00000000
216	0.57591807	0.71992927	-1.00000000
217	0.56041943	0.67666285	-1.00000000
218	0.54225846	0.63513712	-1.00000000
219	0.66776382	0.73531556	-1.00000000
220	0.71190271	0.79434932	-1.00000000
221	0.90469486	0.83716220	-1.00000000
222	0.57857329	0.68838228	-1.00000000
223	1.25134000	0.97338776	-1.00000000
224	0.66903593	0.73537610	-1.00000000
225	0.64201675	0.68785091	-1.00000000
226	0.72344881	0.74740550	-1.00000000
227	0.51228641	0.62067685	-1.00000000
228	0.73153402	0.88796931	-1.00000000
229	0.65732431	0.72820827	-1.00000000
230	0.76904357	0.90523387	-1.00000000
231	0.64803335	0.74933131	-1.00000000
232	0.60419867	0.84473314	-1.00000000
233	0.61771076	0.69877581	-1.00000000
234	0.56983015	0.70187258	-1.00000000
235	1.08268626	0.83804051	-1.00000000
236	0.56538334	0.69292959	-1.00000000
237	0.58033136	0.75933613	-1.00000000
238	0.58641809	0.76805697	-1.00000000
239	0.85104375	0.98018143	-1.00000000
240	0.61729387	0.78046314	-1.00000000
241	0.54750866	0.73517080	-1.00000000
242	1.11044703	0.95783552	-1.00000000
243	0.71096028	0.84959569	-1.00000000
244	0.78189704	0.96631735	-1.00000000
245	0.69664147	0.72276956	-1.00000000
246	0.62201491	0.72265783	-1.00000000
247	0.79346001	0.90634978	-1.00000000
248	0.58861242	0.70568947	-1.00000000
249	0.62776571	0.71382216	-1.00000000
250	0.62816643	0.78486532	4.64130000
251	1.67967779	1.36937962	-1.00000000
252	0.55332885	0.64397627	-1.00000000
253	0.60009239	0.71944945	-1.00000000
254	1.06042068	0.78609495	-1.00000000
255	1.26831755	1.07416293	-1.00000000
256	0.62367197	0.75875704	-1.00000000
257	0.57345299	0.63201780	-1.00000000
258	0.69831299	0.74139765	-1.00000000
259	0.69840712	0.72642690	-1.00000000
260	0.61476860	0.69874634	-1.00000000
261	1.24362143	1.01823670	-1.00000000
262	0.71747719	0.84514270	-1.00000000
263	0.57555636	0.69968291	-1.00000000
264	0.65763620	0.77243651	-1.00000000
265	0.64348298	0.70150312	-1.00000000
266	0.57743127	0.68712098	-1.00000000
267	0.62024683	0.74594343	-1.00000000
268	0.66639564	0.71328358	-1.00000000
269	0.62558406	0.73953221	-1.00000000
270	0.52249227	0.62116857	-1.00000000
271	0.61365269	0.67396172	-1.00000000
272	0.68693578	0.73094501	-1.00000000
273	0.74635168	0.84075625	-1.00000000
274	0.59264023	0.66451532	-1.00000000
275	0.72127000	0.73722233	-1.00000000
276	0.75572993	0.91488299	-1.00000000
277	0.57523566	0.63024903	-1.00000000
278	1.29323422	0.78722354	-1.00000000
279	0.59233095	0.64913911	-1.00000000
280	0.55424757	0.62712460	-1.00000000
281	0.87313100	0.80966195	-1.00000000
282	0.77813499	0.87357535	-1.00000000
283	0.60911050	0.66975655	-1.00000000
284	0.71801864	0.75503179	-1.00000000
285	0.61937578	0.67025801	-1.00000000
286	0.58589586	0.63856228	-1.00000000
287	1.40240681	1.00815812	-1.00000000
288	0.62427114	0.64663253	-1.00000000
289	1.04480613	0.72827416	-1.00000000
290	1.79544692	1.54157887	-1.00000000
291	0.59510912	0.66280455	-1.00000000
292	0.60063613	0.66218629	-1.00000000
293	0.61530778	0.67454035	-1.00000000
294	0.59485176	0.63947762	-1.00000000
295	0.80364854	0.99774731	-1.00000000
296	0.59489011	0.65533264	-1.00000000
297	0.57979089	0.63925554	-1.00000000
298	0.70708830	0.67426197	-1.00000000
299	0.64681505	0.67764709	-1.00000000
300	0.77766127	0.93926964	4.79980000
301	0.60711207	0.66209657	-1.00000000
302	0.54680233	0.60105615	-1.00000000
303	0.70398911	0.91444210	-1.00000000
304	0.58091550	0.63346296	-1.00000000
305	0.59387390	0.63601002	-1.00000000
306	0.62327515	0.65706458	-1.00000000
307	0.75121477	0.95008221	-1.00000000
308	0.66048947	0.67819891	-1.00000000
309	0.57918636	0.63475574	-1.00000000
310	0.60598339	0.67525760	-1.00000000
311	0.70347401	0.77114510	-1.00000000
312	0.57556605	0.65565447	-1.00000000
313	0.59401338	0.66495704	-1.00000000
314	0.70427855	0.79565985	-1.00000000
315	0.57917417	0.65164564	-1.00000000
316	0.57091860	0.64582502	-1.00000000
317	0.56337497	0.61922792	-1.00000000
318	0.59116567	0.64060953	-1.00000000
319	0.73970728	0.76633310	-1.00000000
320	0.58121339	0.64981700	-1.00000000
321	0.63550544	0.65998920	-1.00000000
322	0.66602484	0.66594218	-1.00000000
323	0.56277957	0.62351643	-1.00000000
324	0.58127420	0.63974252	-1.00000000
325	0.59982994	0.66142152	-1.00000000
326	0.77224420	1.05560395	-1.00000000
327	0.57536216	0.64147097	-1.00000000
328	0.53579593	0.60557417	-1.00000000
329	0.59187412	0.64188952	-1.00000000
330	0.60514475	0.64591689	-1.00000000
331	0.58271425	0.64971266	-1.00000000
332	0.57244116	0.65205749	-1.00000000
333	0.64805590	0.69480561	-1.00000000
334	0.59809015	0.67318205	-1.00000000
335	0.62472402	0.77803458	-1.00000000
336	0.56610861	0.63103207	-1.00000000
337	0.57320263	0.65638493	-1.00000000
338	1.11849223	0.72376047	-1.00000000
339	1.49403173	1.25967492	-1.00000000
340	0.61759706	0.67229889	-1.00000000
341	0.59883170	0.68122184	-1.00000000
342	0.70891881	0.71464995	-1.00000000
343	0.62394273	0.68363574	-1.00000000
344	0.61024347	0.67315317	-1.00000000
345	0.63086802	0.70328968	-1.00000000
346	0.59950806	0.66285611	-1.00000000
347	0.58513369	0.66605045	-1.00000000
348	0.57393448	0.63120082	-1.00000000
349	0.58019814	0.63428419	-1.00000000
350	0.58319839	0.65448899	4.68090000
351	0.59970638	0.67878504	-1.00000000
352	0.59199236	0.65500160	-1.00000000
353	0.65109951	0.66459503	-1.00000000
354	0.57628681	0.65822171	-1.00000000
355	0.58085708	0.66253062	-1.00000000
356	0.63178914	0.66455734	-1.00000000
357	0.62153198	0.68695275	-1.00000000
358	0.57847868	0.63868186	-1.00000000
359	0.61871609	0.65972837	-1.00000000
360	0.59101388	0.66139696	-1.00000000
361	0.59481853	0.66742219	-1.00000000
362	0.55276865	0.61958890	-1.00000000
363	0.60503398	0.70170548	-1.00000000
364	0.58343693	0.63667548	-1.00000000
365	0.60617852	0.64905184	-1.00000000
366	0.60183302	0.68644527	-1.00000000
367	0.60741773	0.68511209	-1.00000000
368	0.60839638	0.67493515	-1.00000000
369	0.58399557	0.64201200	-1.00000000
370	0.58932018	0.65152176	-1.00000000
371	0.60763327	0.65693368	-1.00000000
372	0.55573114	0.64438392	-1.00000000
373	0.62168311	0.67393951	-1.00000000
374	1.46140611	1.06883907	-1.00000000
375	0.57500133	0.63565886	-1.00000000
376	0.60575607	0.65621400	-1.00000000
377	0.66789212	0.69426451	-1.00000000
378	0.63507575	0.68672471	-1.00000000
379	0.55293168	0.65786093	-1.00000000
380	0.59614425	0.67545863	-1.00000000
381	0.64431601	0.70479320	-1.00000000
382	0.60549189	0.66790922	-1.00000000
383	0.82099579	0.91382482	-1.00000000
384	0.61201519	0.66119548	-1.00000000
385	0.56076713	0.62925728	-1.00000000
386	0.72411719	0.71698532	-1.00000000
387	0.58517277	0.65866503	-1.00000000
388	0.58782744	0.65149114	-1.00000000
389	0.59602071	0.66874306	-1.00000000
390	0.63318419	0.66673745	-1.00000000
391	0.57402632	0.65306418	-1.00000000
392	0.66012525	0.73921900	-1.00000000
393	0.57813386	0.65303937	-1.00000000
394	0.59162988	0.67383604	-1.00000000
395	0.57487754	0.66542909	-1.00000000
396	0.58334082	0.63308502	-1.00000000
397	0.57713295	0.67720645	-1.00000000
398	0.56606651	0.63203246	-1.00000000
399	0.69439614	0.73141777	-1.00000000
400	0.59471505	0.66780791	4.65410000
401	0.57850567	0.66742883	-1.00000000
402	0.73963422	0.89564269	-1.00000000
403	0.57225153	0.65003714	-1.00000000
404	0.58223173	0.67408211	-1.00000000
405	0.70453745	0.72526261	-1.00000000
406	0.64400205	0.71059309	-1.00000000
407	0.58446454	0.66051806	-1.00000000
408	0.58149501	0.65674172	-1.00000000
409	0.60808095	0.68191002	-1.00000000
410	0.58913020	0.65131624	-1.00000000
411	0.57810854	0.64941494	-1.00000000
412	0.62894909	0.69713495	-1.00000000
413	0.57690078	0.64367998	-1.00000000
414	0.67671249	0.69283339	-1.00000000
415	0.60212534	0.66153746	-1.00000000
416	0.58324766	0.65154643	-1.00000000
417	0.63637227	0.69039442	-1.00000000
418	0.70003604	0.71009260	-1.00000000
419	0.64528850	0.71113318	-1.00000000
420	0.59863850	0.67748964	-1.00000000
421	0.58964990	0.64832325	-1.00000000
422	0.63825545	0.71008452	-1.00000000
423	0.56943329	0.64581753	-1.00000000
424	0.55793531	0.62348778	-1.00000000
425	0.66671421	0.70620920	-1.00000000
426	1.27974564	0.91187534	-1.00000000
427	0.61460838	0.65099980	-1.00000000
428	0.61070683	0.66517433	-1.00000000
429	0.73106090	0.71958660	-1.00000000
430	0.58231499	0.64157088	-1.00000000
431	0.58036646	0.67126831	-1.00000000
432	0.56886214	0.63378853	-1.00000000
433	0.62994417	0.66494932	-1.00000000
434	0.71130086	0.82615264	-1.00000000
435	0.59756480	0.65203528	-1.00000000
436	0.69842019	0.90292529	-1.00000000
437	0.67413760	0.71709346	-1.00000000
438	0.58910416	0.64361504	-1.00000000
439	0.57295836	0.62246759	-1.00000000
440	1.60320757	1.40697461	-1.00000000
441	0.60656649	0.66412460	-1.00000000
442	0.59994625	0.67425014	-1.00000000
443	0.61096639	0.66902685	-1.00000000
444	0.62069818	0.68989160	-1.00000000
445	0.60471787	0.69177569	-1.00000000
446	0.62631166	0.69324040	-1.00000000
447	0.60206113	0.65004892	-1.00000000
448	0.60074475	0.67139708	-1.00000000
449	0.58098934	0.66401884	-1.00000000
450	0.59583584	0.65467149	4.63960000
451	0.60221788	0.65983759	-1.00000000
452	1.17102388	0.84306062	-1.00000000
453	0.70772733	0.69645486	-1.00000000
454	0.60905594	0.66003755	-1.00000000
455	0.61990605	0.67866277	-1.00000000
456	0.59975763	0.65293283	-1.00000000
457	0.61529482	0.65833915	-1.00000000
458	0.59485203	0.65033348	-1.00000000
459	0.63331645	0.68264504	-1.00000000
460	0.61473724	0.67132800	-1.00000000
461	0.59431521	0.65518110	-1.00000000
462	0.60438880	0.65984150	-1.00000000
463	0.60496333	0.65160901	-1.00000000
464	0.59418524	0.68006058	-1.00000000
465	0.65505267	0.69630681	-1.00000000
466	0.61946813	0.67589688	-1.00000000
467	0.60547115	0.67563771	-1.00000000
468	0.66582452	0.70428325	-1.00000000
469	0.59994949	0.68040458	-1.00000000
470	0.59000175	0.65926363	-1.00000000
471	0.59341445	0.67898600	-1.00000000
472	0.63569666	0.69270833	-1.00000000
473	0.65694168	0.71028208	-1.00000000
474	0.60801348	0.67987042	-1.00000000
475	0.60872658	0.66783849	-1.00000000
476	0.59502852	0.68472458	-1.00000000
477	0.67360914	0.71527837	-1.00000000
478	0.60616779	0.69007143	-1.00000000
479	0.61281390	0.66358002	-1.00000000
480	0.59028883	0.67473804	-1.00000000
481	0.60888798	0.66902151	-1.00000000
482	0.69813255	0.74779036	-1.00000000
483	0.63064115	0.72910111	-1.00000000
484	0.64560696	0.72698645	-1.00000000
485	0.57029257	0.62689755	-1.00000000
486	0.63310668	0.68919855	-1.00000000
487	0.57608037	0.66545124	-1.00000000
488	0.61485144	0.65504436	-1.00000000
489	0.61227780	0.69048622	-1.00000000
490	0.69414505	0.69930863	-1.00000000
491	0.90308657	0.76925720	-1.00000000
492	0.60559916	0.69246402	-1.00000000
493	0.60588864	0.66831967	-1.00000000
494	0.64507249	0.71497927	-1.00000000
495	0.67073670	0.70079456	-1.00000000
496	0.61422435	0.68587204	-1.00000000
497	0.58835383	0.68749733	-1.00000000
498	0.61101609	0.67000535	-1.00000000
499	0.60515978	0.66017937	-1.00000000
500	0.73345833	0.75718542	4.74360000
501	0.63383847	0.68885702	-1.00000000
502	0.61199106	0.67525442	-1.00000000
503	0.76237009	0.74501295	-1.00000000
504	0.60811271	0.68252013	-1.00000000
505	0.61922029	0.67630128	-1.00000000
506	0.64049396	0.70371794	-1.00000000
507	1.13179551	0.80213665	-1.00000000
508	0.63411418	0.68552026	-1.00000000
509	0.63769415	0.69276574	-1.00000000
510	0.61809057	0.69358685	-1.00000000
511	0.59940838	0.64662950	-1.00000000
512	0.62741617	0.66432197	-1.00000000
513	0.59124364	0.66371244	-1.00000000
514	0.59388342	0.63776457	-1.00000000
515	0.62012262	0.68858990	-1.00000000
516	0.60993006	0.66949320	-1.00000000
517	0.60226446	0.67605785	-1.00000000
518	0.60802870	0.67229491	-1.00000000
519	0.62278479	0.66971732	-1.00000000
520	0.62725191	0.67586920	-1.00000000
521	0.68113783	0.70763404	-1.00000000
522	0.63762515	0.69861609	-1.00000000
523	0.62656363	0.68229885	-1.00000000
524	0.62929765	0.69480422	-1.00000000
525	0.56391886	0.66546007	-1.00000000
526	0.65010416	0.69858744	-1.00000000
527	0.61801031	0.66720423	-1.00000000
528	0.64734826	0.68001744	-1.00000000
529	0.72597889	0.84147567	-1.00000000
530	0.60236425	0.66664093	-1.00000000
531	0.61719791	0.67469779	-1.00000000
532	0.63835528	0.68738371	-1.00000000
533	0.64831085	0.68968495	-1.00000000
534	0.57548110	0.65827621	-1.00000000
535	0.63868828	0.69959916	-1.00000000
536	0.63875306	0.68437445	-1.00000000
537	0.63218294	0.70623526	-1.00000000
538	0.65066418	0.69238916	-1.00000000
539	0.76045139	0.77704782	-1.00000000
540	0.62986765	0.68501886	-1.00000000
541	0.59847740	0.67387630	-1.00000000
542	0.61883445	0.67229661	-1.00000000
543	0.64491565	0.72635141	-1.00000000
544	0.66160526	0.70513686	-1.00000000
545	0.61647817	0.68202369	-1.00000000
546	0.60419352	0.68521500	-1.00000000
547	0.64171160	0.70144322	-1.00000000
548	1.49313278	1.23996258	-1.00000000
549	0.62554127	0.69672634	-1.00000000
550	0.62014143	0.67576634	4.60990000
551	0.64055784	0.72588396	-1.00000000
552	0.61369064	0.68446484	-1.00000000
553	0.89235162	0.76194916	-1.00000000
554	0.62580176	0.70214700	-1.00000000
555	0.58173881	0.66331620	-1.00000000
556	0.63776079	0.69382988	-1.00000000
557	0.60416499	0.67613724	-1.00000000
558	0.60612934	0.67228019	-1.00000000
559	0.63846482	0.70112314	-1.00000000
560	0.60607558	0.69527107	-1.00000000
561	0.60453858	0.66784259	-1.00000000
562	0.61663029	0.67305289	-1.00000000
563	0.69854775	0.73686551	-1.00000000
564	0.56159870	0.66226482	-1.00000000
565	0.60327273	0.66658773	-1.00000000
566	0.60537330	0.68947412	-1.00000000
567	0.60848472	0.67972514	-1.00000000
568	0.59330851	0.66908267	-1.00000000
569	0.59722101	0.66111160	-1.00000000
570	0.65200819	0.69592735	-1.00000000
571	0.64254002	0.70632514	-1.00000000
572	0.59153718	0.67732554	-1.00000000
573	0.58151591	0.66833326	-1.00000000
574	0.64083350	0.70058592	-1.00000000
575	0.59738280	0.68095139	-1.00000000
576	0.59838519	0.66988945	-1.00000000
577	0.59869167	0.66925654	-1.00000000
578	0.60834434	0.67857077	-1.00000000
579	0.65719923	0.71042273	-1.00000000
580	0.59312046	0.65665380	-1.00000000
581	0.57890838	0.65911487	-1.00000000
582	0.58951765	0.69204848	-1.00000000
583	0.96436639	0.71281834	-1.00000000
584	0.56651094	0.66447633	-1.00000000
585	0.56998603	0.67935654	-1.00000000
586	0.61437753	0.71000602	-1.00000000
587	0.58252694	0.67672503	-1.00000000
588	0.85531091	0.76219640	-1.00000000
589	0.57533855	0.66705708	-1.00000000
590	0.63879262	0.70436956	-1.00000000
591	0.61099882	0.67475277	-1.00000000
592	0.60649160	0.68111352	-1.00000000
593	0.58323894	0.66506933	-1.00000000
594	0.58909174	0.66968661	-1.00000000
595	0.62222462	0.69439375	-1.00000000
596	0.60622813	0.67787771	-1.00000000
597	0.52916068	0.61935073	-1.00000000
598	0.59466260	0.66660493	-1.00000000
599	0.63440105	0.70505480	-1.00000000
600	0.59315476	0.66400725	4.47180000
601	0.60024374	0.68888666	-1.00000000
602	0.59137876	0.67947913	-1.00000000
603	0.57694978	0.66435705	-1.00000000
604	0.59682979	0.66517875	-1.00000000
605	0.58580003	0.67032645	-1.00000000
606	0.56988709	0.64514006	-1.00000000
607	0.59077590	0.65975034	-1.00000000
608	0.60610819	0.68162579	-1.00000000
609	0.73027522	0.71392679	-1.00000000
610	0.59441039	0.67630590	-1.00000000
611	0.59429545	0.69486501	-1.00000000
612	0.57592251	0.68490439	-1.00000000
613	0.63142962	0.69305780	-1.00000000
614	0.60391369	0.67700398	-1.00000000
615	0.57971646	0.67156574	-1.00000000
616	0.58185796	0.67313438	-1.00000000
617	0.56941205	0.64192854	-1.00000000
618	0.58702697	0.67537072	-1.00000000
619	0.58794892	0.67309567	-1.00000000
620	0.57214444	0.68803735	-1.00000000
621	0.59260090	0.65762090	-1.00000000
622	0.57209330	0.66988692	-1.00000000
623	0.58814691	0.68382481	-1.00000000
624	0.74722557	0.78482196	-1.00000000
625	0.58681205	0.68399254	-1.00000000
626	0.59279013	0.67923699	-1.00000000
627	0.57755546	0.65206232	-1.00000000
628	0.57506285	0.66842199	-1.00000000
629	0.62796714	0.68622937	-1.00000000
630	0.60863384	0.70698624	-1.00000000
631	0.73723157	1.05647823	-1.00000000
632	0.66676282	0.70083083	-1.00000000
633	0.60336214	0.67443516	-1.00000000
634	0.57160360	0.65527294	-1.00000000
635	0.59464132	0.71116737	-1.00000000
636	0.57572296	0.64911074	-1.00000000
637	0.59161770	0.68875958	-1.00000000
638	0.57642392	0.67784120	-1.00000000
639	0.56640695	0.67244686	-1.00000000
640	0.66363191	0.72570311	-1.00000000
641	0.58026263	0.68539843	-1.00000000
642	0.58036481	0.68305301	-1.00000000
643	0.58412651	0.67285931	-1.00000000
644	0.56921216	0.66262742	-1.00000000
645	0.56518870	0.67067657	-1.00000000
646	0.59022944	0.65594469	-1.00000000
647	0.57636182	0.68242020	-1.00000000
648	0.58382243	0.68341751	-1.00000000
649	0.59319190	0.71522074	-1.00000000
650	0.55272528	0.63654153	4.60620000
651	0.55130570	0.66811673	-1.00000000
652	0.56381153	0.64666826	-1.00000000
653	0.58555055	0.68422112	-1.00000000
654	0.58930631	0.67033175	-1.00000000
655	0.56199505	0.65484279	-1.00000000
656	0.57969218	0.68486992	-1.00000000
657	0.54453088	0.65576751	-1.00000000
658	0.75666744	0.83033879	-1.00000000
659	0.59021153	0.68035999	-1.00000000
660	0.55898901	0.63785557	-1.00000000
661	0.56453576	0.63941913	-1.00000000
662	0.56484528	0.65125895	-1.00000000
663	0.58453206	0.68755528	-1.00000000
664	0.55077572	0.65409026	-1.00000000
665	1.04642671	0.71697973	-1.00000000
666	0.57111824	0.66874485	-1.00000000
667	0.57820503	0.67549090	-1.00000000
668	0.58932939	0.68119968	-1.00000000
669	0.79087021	0.72524885	-1.00000000
670	0.57646637	0.65730755	-1.00000000
671	0.64190226	0.69246454	-1.00000000
672	0.53051940	0.63992501	-1.00000000
673	0.59063895	0.68817208	-1.00000000
674	0.79264454	0.75960348	-1.00000000
675	0.56979761	0.65960843	-1.00000000
676	0.58380958	0.68334874	-1.00000000
677	0.57585189	0.65298605	-1.00000000
678	0.57587221	0.66665459	-1.00000000
679	0.56827236	0.65818032	-1.00000000
680	0.58367211	0.67749860	-1.00000000
681	0.58561044	0.69965607	-1.00000000
682	0.58112791	0.65859210	-1.00000000
683	0.57123618	0.67540771	-1.00000000
684	0.57209109	0.66772926	-1.00000000
685	0.72243096	0.74073047	-1.00000000
686	0.58101399	0.67270517	-1.00000000
687	0.57645214	0.69042581	-1.00000000
688	0.56789484	0.66703953	-1.00000000
689	0.55528045	0.67488813	-1.00000000
690	0.59676659	0.68924566	-1.00000000
691	0.58752118	0.68684689	-1.00000000
692	0.57868157	0.66565451	-1.00000000
693	0.58921629	0.68015427	-1.00000000
694	0.54224641	0.64334669	-1.00000000
695	0.60307774	0.65932390	-1.00000000
696	0.55146210	0.65097958	-1.00000000
697	0.56874308	0.65485818	-1.00000000
698	0.58877065	0.68377068	-1.00000000
699	0.53308756	0.63313910	-1.00000000
700	0.66062810	0.98500988	4.59140000
701	0.58208625	0.65260198	-1.00000000
702	0.58477663	0.66112023	-1.00000000
703	0.55915155	0.65151413	-1.00000000
704	0.77887843	1.01236529	-1.00000000
705	0.60139200	0.67305315	-1.00000000
706	0.57901669	0.66171405	-1.00000000
707	0.58484975	0.67394169	-1.00000000
708	0.61971304	0.69796844	-1.00000000
709	0.56054503	0.63719502	-1.00000000
710	0.55077013	0.63948229	-1.00000000
711	0.60432768	0.68661695	-1.00000000
712	0.57671521	0.67642236	-1.00000000
713	0.56773669	0.66710588	-1.00000000
714	0.55879063	0.64858572	-1.00000000
715	0.63547921	0.68328302	-1.00000000
716	0.55519384	0.65269407	-1.00000000
717	0.56477965	0.65547670	-1.00000000
718	0.58081959	0.68852662	-1.00000000
719	1.27033817	0.91696249	-1.00000000
720	0.58004041	0.67545627	-1.00000000
721	0.58591965	0.68679086	-1.00000000
722	0.58231262	0.66184942	-1.00000000
723	0.56209229	0.66516998	-1.00000000
724	0.58894517	0.67779097	-1.00000000
725	0.57020115	0.67072105	-1.00000000
726	0.59203284	0.68709377	-1.00000000
727	0.58335925	0.66872970	-1.00000000
728	0.57391868	0.67551469	-1.00000000
729	0.62828078	0.69486150	-1.00000000
730	0.61984168	0.67956494	-1.00000000
731	0.60340604	0.67975916	-1.00000000
732	0.57574965	0.67342943	-1.00000000
733	0.58708849	0.68715845	-1.00000000
734	0.58998603	0.67739869	-1.00000000
735	0.57451463	0.67081318	-1.00000000
736	0.54377757	0.66274783	-1.00000000
737	0.56303986	0.65266030	-1.00000000
738	0.55605500	0.64295430	-1.00000000
739	0.57931576	0.64895068	-1.00000000
740	0.55792469	0.63442446	-1.00000000
741	0.56628550	0.69222763	-1.00000000
742	0.56615887	0.68455912	-1.00000000
743	0.56214635	0.66052275	-1.00000000
744	0.79561693	0.74106975	-1.00000000
745	0.59697920	0.68746873	-1.00000000
746	0.56079245	0.64017771	-1.00000000
747	0.56993108	0.64427658	-1.00000000
748	0.57740025	0.66872207	-1.00000000
749	0.55670398	0.65270896	-1.00000000
750	0.54365578	0.66186252	4.48760000
751	0.57353135	0.66009658	-1.00000000
752	0.56852400	0.63874971	-1.00000000
753	0.56960617	0.66672621	-1.00000000
754	0.53666928	0.65097737	-1.00000000
755	0.60642659	0.67544486	-1.00000000
756	0.58135446	0.65428490	-1.00000000
757	0.56007818	0.64322308	-1.00000000
758	0.53473785	0.61824144	-1.00000000
759	0.49185851	0.60622658	-1.00000000
760	0.58126687	0.67344991	-1.00000000
761	0.56796101	0.66661645	-1.00000000
762	0.58483957	0.68409616	-1.00000000
763	0.60504246	0.68785410	-1.00000000
764	0.57103099	0.67025466	-1.00000000
765	0.58409161	0.65806148	-1.00000000
766	0.56874296	0.67531152	-1.00000000
767	0.59999710	0.76561719	-1.00000000
768	0.58223378	0.65788258	-1.00000000
769	0.58347540	0.67733730	-1.00000000
770	0.57331915	0.65670729	-1.00000000
771	0.57462274	0.65478951	-1.00000000
772	0.54450246	0.64233336	-1.00000000
773	0.56040910	0.65705934	-1.00000000
774	0.55208137	0.65713773	-1.00000000
775	0.55903020	0.65070158	-1.00000000
776	0.60836342	0.69796452	-1.00000000
777	0.58332730	0.65889151	-1.00000000
778	0.63460480	0.71066223	-1.00000000
779	0.49907248	0.61299470	-1.00000000
780	0.59123827	0.69118113	-1.00000000
781	0.57318094	0.67137948	-1.00000000
782	0.59052328	0.68476047	-1.00000000
783	0.57257738	0.69373999	-1.00000000
784	0.56731258	0.66481342	-1.00000000
785	0.57357653	0.67128722	-1.00000000
786	0.57768019	0.68336755	-1.00000000
787	0.60019553	0.68869257	-1.00000000
788	0.58321037	0.68309021	-1.00000000
789	0.56863633	0.66303961	-1.00000000
790	0.57149783	0.66602385	-1.00000000
791	0.58955684	0.69595154	-1.00000000
792	0.53090540	0.68155564	-1.00000000
793	0.57249269	0.66127504	-1.00000000
794	0.55022065	0.65848080	-1.00000000
795	0.56749587	0.67910881	-1.00000000
796	0.56647987	0.64742889	-1.00000000
797	0.55443535	0.63749570	-1.00000000
798	0.57745069	0.66798818	-1.00000000
799	0.56421361	0.65189481	-1.00000000
800	0.56153270	0.66128582	4.51410000
801	0.58194346	0.69893157	-1.00000000
802	0.56781103	0.66783527	-1.00000000
803	0.56685448	0.66369417	-1.00000000
804	0.56851286	0.66834688	-1.00000000
805	0.57592436	0.65288613	-1.00000000
806	0.56009536	0.65267547	-1.00000000
807	0.57048762	0.68287454	-1.00000000
808	0.57489222	0.67460290	-1.00000000
809	0.56844977	0.70912884	-1.00000000
810	0.57383548	0.66122215	-1.00000000
811	0.56717179	0.63621322	-1.00000000
812	0.55251809	0.66556945	-1.00000000
813	0.59830770	0.68156065	-1.00000000
814	0.58344842	0.67850461	-1.00000000
815	0.58101561	0.67864838	-1.00000000
816	0.55355199	0.66686185	-1.00000000
817	0.56121026	0.64347346	-1.00000000
818	0.55753144	0.62897693	-1.00000000
819	0.57103565	0.67474453	-1.00000000
820	1.05940193	0.76470328	-1.00000000
821	0.56794700	0.64531457	-1.00000000
822	0.58399984	0.66704944	-1.00000000
823	0.55570694	0.66510330	-1.00000000
824	0.59415238	0.67122798	-1.00000000
825	0.55621677	0.66538614	-1.00000000
826	0.57259541	0.67352267	-1.00000000
827	0.58584704	0.66732907	-1.00000000
828	0.59165079	0.69101161	-1.00000000
829	0.56130671	0.66390398	-1.00000000
830	0.99647445	0.72868870	-1.00000000
831	0.59502814	0.68148647	-1.00000000
832	0.58511364	0.66161598	-1.00000000
833	0.57317796	0.66488793	-1.00000000
834	0.55023847	0.64910548	-1.00000000
835	0.53585702	0.66240465	-1.00000000
836	0.55818145	0.65384728	-1.00000000
837	0.55422480	0.66341407	-1.00000000
838	0.59433051	0.69619157	-1.00000000
839	0.57179848	0.67049898	-1.00000000
840	0.57032387	0.65733194	-1.00000000
841	0.58553687	0.69864010	-1.00000000
842	0.55908520	0.65608218	-1.00000000
843	0.59102071	0.67740936	-1.00000000
844	0.56974687	0.66011107	-1.00000000
845	0.57266142	0.66108270	-1.00000000
846	0.54231963	0.65100407	-1.00000000
847	0.53872622	0.63359555	-1.00000000
848	0.61107339	0.67850059	-1.00000000
849	0.56127390	0.67020202	-1.00000000
850	0.58993519	0.68390393	4.47750000
851	0.58878449	0.68632869	-1.00000000
852	0.59352780	0.70038713	-1.00000000
853	0.61809327	0.73442086	-1.00000000
854	0.56216097	0.67595445	-1.00000000
855	0.60371488	0.74026409	-1.00000000
856	0.62740626	0.69595747	-1.00000000
857	0.57697152	0.66244062	-1.00000000
858	0.52252782	0.70980772	-1.00000000
859	0.58820183	0.65883886	-1.00000000
860	0.44371890	0.66377731	-1.00000000
861	0.57717367	0.69089520	-1.00000000
862	0.58291297	0.66355763	-1.00000000
863	0.48945102	0.60878500	-1.00000000
864	0.57965186	0.66802745	-1.00000000
865	0.42346578	0.64650101	-1.00000000
866	0.56131958	0.66136440	-1.00000000
867	0.59778544	0.68065952	-1.00000000
868	0.47010490	0.65619162	-1.00000000
869	0.57318817	0.65953736	-1.00000000
870	0.44465451	0.68907629	-1.00000000
871	0.56524682	0.64889838	-1.00000000
872	0.42782860	0.64445975	-1.00000000
873	0.43446475	0.65266123	-1.00000000
874	0.42850265	0.63696862	-1.00000000
875	0.59381273	0.69273388	-1.00000000
876	0.40097689	0.63237056	-1.00000000
877	0.54550345	0.64478552	-1.00000000
878	0.54420984	0.63438072	-1.00000000
879	0.44823407	0.68477991	-1.00000000
880	0.55396489	0.65811632	-1.00000000
881	0.57138594	0.68640284	-1.00000000
882	0.58400529	0.69467837	-1.00000000
883	0.42894827	0.63179626	-1.00000000
884	0.57012732	0.67329132	-1.00000000
885	0.56719007	0.65876586	-1.00000000
886	0.45319583	0.66979643	-1.00000000
887	0.44350376	0.68684831	-1.00000000
888	0.37986660	0.62299441	-1.00000000
889	0.58418439	0.67300439	-1.00000000
890	0.57408771	0.66685042	-1.00000000
891	0.40795205	0.64659652	-1.00000000
892	0.55544212	0.65840777	-1.00000000
893	0.43565026	0.66458911	-1.00000000
894	0.58996424	0.68216754	-1.00000000
895	0.57490414	0.66646154	-1.00000000
896	0.41064368	0.64805594	-1.00000000
897	0.43677067	0.64163360	-1.00000000
898	0.41534038	0.65240270	-1.00000000
899	0.70902932	0.71479348	-1.00000000
900	0.57556768	0.66188214	4.56050000
901	0.56145733	0.65789743	-1.00000000
902	0.56030571	0.66963975	-1.00000000
903	0.55646667	0.65824734	-1.00000000
904	0.61305629	0.68303883	-1.00000000
905	0.57146927	0.66818584	-1.00000000
906	0.43584429	0.63684760	-1.00000000
907	0.42912055	0.66651649	-1.00000000
908	0.40649439	0.62521675	-1.00000000
909	0.39561482	0.64336215	-1.00000000
910	0.58415245	0.65919615	-1.00000000
911	0.42665325	0.65513131	-1.00000000
912	0.40405296	0.64438343	-1.00000000
913	0.40652574	0.63644178	-1.00000000
914	0.37406101	0.62553171	-1.00000000
915	0.41171298	0.70295318	-1.00000000
916	0.41249782	0.63607943	-1.00000000
917	0.36038182	0.61305800	-1.00000000
918	0.39186974	0.61390408	-1.00000000
919	0.45053727	0.66274237	-1.00000000
920	0.44182235	0.68264003	-1.00000000
921	0.42717953	0.65191664	-1.00000000
922	0.39846850	0.64826921	-1.00000000
923	0.52306074	0.68033949	-1.00000000
924	0.38195046	0.63251830	-1.00000000
925	0.43461610	0.66687791	-1.00000000
926	0.39570090	0.64715847	-1.00000000
927	0.49751179	0.68798768	-1.00000000
928	0.40431164	0.63357437	-1.00000000
929	0.43929573	0.68221124	-1.00000000
930	0.38805110	0.63172987	-1.00000000
931	0.43340225	0.65213790	-1.00000000
932	0.41200662	0.64738566	-1.00000000
933	0.41115907	0.64769931	-1.00000000
934	0.41401635	0.66432387	-1.00000000
935	0.56763087	0.69668593	-1.00000000
936	0.40450474	0.63524125	-1.00000000
937	0.40696605	0.64668900	-1.00000000
938	0.42348279	0.65815377	-1.00000000
939	0.43419221	0.67380856	-1.00000000
940	0.39562747	0.64213738	-1.00000000
941	0.38406895	0.62139383	-1.00000000
942	0.41121481	0.64532363	-1.00000000
943	0.43580779	0.65360797	-1.00000000
944	0.41079656	0.65543195	-1.00000000
945	0.42188371	0.66591685	-1.00000000
946	0.40683987	0.65680470	-1.00000000
947	0.39957668	0.62956129	-1.00000000
948	0.41477874	0.63583667	-1.00000000
949	0.46640021	0.69023193	-1.00000000
950	0.37532942	0.62207678	4.37890000
951	0.43366776	0.66740628	-1.00000000
952	0.45899643	0.66698508	-1.00000000
953	0.39109743	0.61841337	-1.00000000
954	0.39442393	0.64780282	-1.00000000
955	0.41148107	0.66155411	-1.00000000
956	0.37985451	0.61880512	-1.00000000
957	0.40447805	0.65677325	-1.00000000
958	0.39083391	0.62767013	-1.00000000
959	0.38254199	0.63790961	-1.00000000
960	0.43623748	0.64405327	-1.00000000
961	0.46709489	0.66831797	-1.00000000
962	0.51959414	0.67569543	-1.00000000
963	0.41272453	0.64667262	-1.00000000
964	0.41792191	0.63587035	-1.00000000
965	0.40699248	0.64206879	-1.00000000
966	0.42684561	0.67546624	-1.00000000
967	0.40569333	0.62979509	-1.00000000
968	0.39403520	0.64393929	-1.00000000
969	0.41368045	0.64698553	-1.00000000
970	0.43243112	0.65186407	-1.00000000
971	0.40779144	0.64334563	-1.00000000
972	0.40730773	0.62457558	-1.00000000
973	0.38166821	0.61198893	-1.00000000
974	0.40659484	0.62840773	-1.00000000
975	0.41668543	0.64549612	-1.00000000
976	0.45463072	0.66370826	-1.00000000
977	0.44377622	0.69070118	-1.00000000
978	0.42277007	0.64226652	-1.00000000
979	0.42466615	0.66224809	-1.00000000
980	0.41700288	0.65009238	-1.00000000
981	0.40568536	0.65870053	-1.00000000
982	0.40630221	0.63528667	-1.00000000
983	0.39537963	0.62960278	-1.00000000
984	0.39933307	0.63125144	-1.00000000
985	0.42049671	0.67222389	-1.00000000
986	0.41733211	0.63326161	-1.00000000
987	0.37141003	0.61957408	-1.00000000
988	0.40950288	0.64039789	-1.00000000
989	0.39860109	0.60825695	-1.00000000
990	0.38134877	0.61032426	-1.00000000
991	0.40826689	0.63695431	-1.00000000
992	0.46527779	0.68585670	-1.00000000
993	0.40833612	0.64052665	-1.00000000
994	0.39761452	0.65331611	-1.00000000
995	0.46583620	0.65194012	-1.00000000
996	0.40925751	0.63258758	-1.00000000
997	0.43806505	0.67540338	-1.00000000
998	0.43058281	0.65435941	-1.00000000
999	0.40328901	0.66210833	-1.00000000
1000	0.43066994	0.65858019	4.57460000
1001	0.38333785	0.61862307	-1.00000000
1002	0.41147392	0.64492339	-1.00000000
1003	0.37087492	0.61955734	-1.00000000
1004	0.38850680	0.63604411	-1.00000000
1005	0.43539471	0.67317468	-1.00000000
1006	0.40021630	0.63719026	-1.00000000
1007	0.40748766	0.65825344	-1.00000000
1008	0.43120450	0.64888266	-1.00000000
1009	0.42215662	0.66410536	-1.00000000
1010	0.47606051	0.64935960	-1.00000000
1011	0.40853490	0.63841717	-1.00000000
1012	0.41071821	0.63373490	-1.00000000
1013	0.43402547	0.67662178	-1.00000000
1014	0.40122611	0.63669065	-1.00000000
1015	0.43024083	0.63011946	-1.00000000
1016	0.55940736	0.70041232	-1.00000000
1017	0.42256545	0.63842408	-1.00000000
1018	0.41038900	0.65561396	-1.00000000
1019	0.42340292	0.65543023	-1.00000000
1020	0.42734366	0.66599401	-1.00000000
1021	0.41502456	0.66490875	-1.00000000
1022	0.56825796	0.69899358	-1.00000000
1023	0.41530195	0.66473398	-1.00000000
1024	0.46142204	0.67918891	-1.00000000
1025	0.39986341	0.63854892	-1.00000000
1026	0.41633182	0.64993935	-1.00000000
1027	0.39005341	0.62271292	-1.00000000
1028	0.38378782	0.63520315	-1.00000000
1029	0.37358559	0.61128154	-1.00000000
1030	0.40904801	0.64070223	-1.00000000
1031	0.39867329	0.63671342	-1.00000000
1032	0.42519045	0.66045291	-1.00000000
1033	0.41261981	0.66369041	-1.00000000
1034	0.42270792	0.67251606	-1.00000000
1035	0.42342206	0.66455590	-1.00000000
1036	0.40291614	0.63245395	-1.00000000
1037	0.43337801	0.66033202	-1.00000000
1038	0.37965883	0.62537435	-1.00000000
1039	0.40353309	0.63363111	-1.00000000
1040	0.48653461	0.67058711	-1.00000000
1041	0.42550471	0.67182095	-1.00000000
1042	0.43751289	0.66299556	-1.00000000
1043	0.38598824	0.62072967	-1.00000000
1044	0.40882197	0.64562160	-1.00000000
1045	0.41955537	0.64470785	-1.00000000
1046	0.38816299	0.62488386	-1.00000000
1047	0.40023712	0.65216673	-1.00000000
1048	0.42085236	0.65322564	-1.00000000
1049	0.40323456	0.65273249	-1.00000000
1050	0.42169743	0.64624328	4.35630000
1051	0.45265032	0.66390336	-1.00000000
1052	0.51817250	0.70626578	-1.00000000
1053	0.42267660	0.66671599	-1.00000000
1054	0.43758807	0.62377206	-1.00000000
1055	0.41168607	0.62900909	-1.00000000
1056	0.39599742	0.65455986	-1.00000000
1057	0.39138993	0.64053183	-1.00000000
1058	0.40329485	0.62986401	-1.00000000
1059	0.41390019	0.64367939	-1.00000000
1060	0.38341286	0.63547066	-1.00000000
1061	0.41981439	0.65285358	-1.00000000
1062	0.42717098	0.67571946	-1.00000000
1063	0.53415173	0.69697104	-1.00000000
1064	0.41760517	0.66758697	-1.00000000
1065	0.40933280	0.64272640	-1.00000000
1066	0.41872737	0.64648097	-1.00000000
1067	0.39232513	0.63621878	-1.00000000
1068	0.35129732	0.60933814	-1.00000000
1069	0.51235322	0.69373417	-1.00000000
1070	0.39628393	0.63472169	-1.00000000
1071	0.41047110	0.64722591	-1.00000000
1072	0.41906239	0.64417759	-1.00000000
1073	0.39667555	0.63984276	-1.00000000
1074	0.48053933	0.66522462	-1.00000000
1075	0.41186112	0.64325641	-1.00000000
1076	0.38670701	0.61487948	-1.00000000
1077	0.43054034	0.63852007	-1.00000000
1078	0.47722428	0.66539147	-1.00000000
1079	0.40266019	0.64252071	-1.00000000
1080	0.43290085	0.67655568	-1.00000000
1081	0.42516582	0.65919920	-1.00000000
1082	0.41743678	0.65747828	-1.00000000
1083	0.40398438	0.64877040	-1.00000000
1084	0.40222141	0.64596779	-1.00000000
1085	0.42930538	0.65276631	-1.00000000
1086	0.41447521	0.64811241	-1.00000000
1087	0.32645665	0.57688308	-1.00000000
1088	0.41198366	0.65549938	-1.00000000
1089	0.41246717	0.63627871	-1.00000000
1090	0.41226585	0.64842283	-1.00000000
1091	0.45743890	0.66805163	-1.00000000
1092	0.41980598	0.64731384	-1.00000000
1093	0.44232423	0.67791055	-1.00000000
1094	0.42079690	0.65350753	-1.00000000
1095	0.42824546	0.64165748	-1.00000000
1096	0.44274344	0.66039999	-1.00000000
1097	0.41301535	0.65267336	-1.00000000
1098	0.43752751	0.65513894	-1.00000000
1099	0.42119646	0.66080448	-1.00000000
1100	0.39213760	0.62538499	4.23300000
1101	0.40078914	0.64165923	-1.00000000
1102	0.39784961	0.62494474	-1.00000000
1103	0.43944939	0.65480418	-1.00000000
1104	0.37810421	0.63977752	-1.00000000
1105	0.43301919	0.64983080	-1.00000000
1106	0.42934351	0.65810821	-1.00000000
1107	0.42113498	0.65983690	-1.00000000
1108	0.39971036	0.65390466	-1.00000000
1109	0.39825614	0.64165378	-1.00000000
1110	0.40075453	0.65644151	-1.00000000
1111	0.41343248	0.64552047	-1.00000000
1112	0.36798366	0.60518977	-1.00000000
1113	0.42144773	0.64677200	-1.00000000
1114	0.42006519	0.64560007	-1.00000000
1115	0.39425935	0.63857495	-1.00000000
1116	0.42132544	0.64791468	-1.00000000
1117	0.39613568	0.64799583	-1.00000000
1118	0.43684157	0.65462954	-1.00000000
1119	0.41970549	0.66062114	-1.00000000
1120	0.43242931	0.66000609	-1.00000000
1121	0.41984843	0.66994850	-1.00000000
1122	0.40936893	0.64355385	-1.00000000
1123	0.42597717	0.66160626	-1.00000000
1124	0.46808456	0.68055772	-1.00000000
1125	0.43513751	0.65115759	-1.00000000
1126	0.42166619	0.66321443	-1.00000000
1127	0.42798156	0.67033444	-1.00000000
1128	0.37110692	0.60845794	-1.00000000
1129	0.45457441	0.66875910	-1.00000000
1130	0.43404961	0.66605059	-1.00000000
1131	0.42683068	0.67116996	-1.00000000
1132	0.38031665	0.60494500	-1.00000000
1133	0.38497125	0.64157099	-1.00000000
1134	0.39920623	0.63389634	-1.00000000
1135	0.41873487	0.65907553	-1.00000000
1136	0.36794873	0.62377782	-1.00000000
1137	0.42145586	0.65657876	-1.00000000
1138	0.42936639	0.63575969	-1.00000000
1139	0.39571647	0.60827340	-1.00000000
1140	0.42607503	0.63959203	-1.00000000
1141	0.38703072	0.61746910	-1.00000000
1142	0.40371162	0.62608309	-1.00000000
1143	0.43864787	0.66640230	-1.00000000
1144	0.41270043	0.63316928	-1.00000000
1145	0.43456937	0.65146264	-1.00000000
1146	0.44848350	0.62584626	-1.00000000
1147	0.44282249	0.66192655	-1.00000000
1148	0.41549344	0.64988683	-1.00000000
1149	0.38959931	0.62814628	-1.00000000
1150	0.39811889	0.62488924	4.31280000
1151	0.40843023	0.65322189	-1.00000000
1152	0.40465872	0.65500673	-1.00000000
1153	0.37646839	0.62698698	-1.00000000
1154	0.42651826	0.65712309	-1.00000000
1155	0.88187650	1.12176695	-1.00000000
1156	0.39488552	0.62673392	-1.00000000
1157	0.40825180	0.63652336	-1.00000000
1158	0.42268197	0.65054612	-1.00000000
1159	0.44827985	0.66906316	-1.00000000
1160	0.40479014	0.65037245	-1.00000000
1161	0.37959794	0.61589716	-1.00000000
1162	0.40621151	0.64983884	-1.00000000
1163	0.39529992	0.62384044	-1.00000000
1164	0.41766292	0.64833955	-1.00000000
1165	0.59835819	0.71512636	-1.00000000
1166	0.42352276	0.66038952	-1.00000000
1167	0.40739262	0.64805147	-1.00000000
1168	0.39935911	0.63726813	-1.00000000
1169	0.44467802	0.66686689	-1.00000000
1170	0.43304793	0.64736943	-1.00000000
1171	0.45265705	0.62978671	-1.00000000
1172	0.41948468	0.64824473	-1.00000000
1173	0.41390809	0.64955693	-1.00000000
1174	0.41396381	0.63847171	-1.00000000
1175	0.41706874	0.64863878	-1.00000000
1176	0.39848697	0.64349357	-1.00000000
1177	0.39037139	0.62534097	-1.00000000
1178	0.49608340	0.67108709	-1.00000000
1179	0.42638346	0.67059284	-1.00000000
1180	0.41264710	0.64626221	-1.00000000
1181	0.40369100	0.63995528	-1.00000000
1182	0.42443635	0.66136443	-1.00000000
1183	0.43008177	0.64932533	-1.00000000
1184	0.40178135	0.65245404	-1.00000000
1185	0.41691760	0.65316764	-1.00000000
1186	0.40114172	0.63702196	-1.00000000
1187	0.40986204	0.67306933	-1.00000000
1188	0.39852475	0.64259705	-1.00000000
1189	0.41526231	0.64094496	-1.00000000
1190	0.40731485	0.64682601	-1.00000000
1191	0.41882773	0.65149522	-1.00000000
1192	0.42153998	0.65613529	-1.00000000
1193	0.41941099	0.62624094	-1.00000000
1194	0.42452218	0.64277409	-1.00000000
1195	0.41100520	0.66833389	-1.00000000
1196	0.35581731	0.60521984	-1.00000000
1197	0.39390873	0.62796874	-1.00000000
1198	0.41772017	0.63596918	-1.00000000
1199	0.41517254	0.65417287	-1.00000000
1200	0.43694770	0.65602156	4.53880000
1201	0.42497810	0.66431909	-1.00000000
1202	0.42453368	0.65970626	-1.00000000
1203	0.39560585	0.65629608	-1.00000000
1204	0.41368560	0.64045478	-1.00000000
1205	0.42128713	0.64401567	-1.00000000
1206	0.42435897	0.64487326	-1.00000000
1207	0.41805370	0.65723349	-1.00000000
1208	0.42287036	0.63699683	-1.00000000
1209	0.58211681	0.71064975	-1.00000000
1210	0.40850826	0.64315003	-1.00000000
1211	0.40247667	0.63707388	-1.00000000
1212	0.39148268	0.62879429	-1.00000000
1213	0.40090198	0.61041574	-1.00000000
1214	0.40273708	0.63125499	-1.00000000
1215	0.40603791	0.63026066	-1.00000000
1216	0.38801382	0.63806641	-1.00000000
1217	0.41165918	0.64244997	-1.00000000
1218	0.39939528	0.62550106	-1.00000000
1219	0.40243296	0.63840536	-1.00000000
1220	0.39378672	0.62155846	-1.00000000
1221	0.39696027	0.64953865	-1.00000000
1222	0.42300814	0.66475294	-1.00000000
1223	0.40961228	0.63005389	-1.00000000
1224	0.38099261	0.58449794	-1.00000000
1225	0.40206001	0.65234205	-1.00000000
1226	0.40283294	0.62853981	-1.00000000
1227	0.40329145	0.63008731	-1.00000000
1228	0.40487475	0.63108155	-1.00000000
1229	0.41272444	0.63266402	-1.00000000
1230	0.40888427	0.63837235	-1.00000000
1231	0.41833953	0.65095615	-1.00000000
1232	0.43740700	0.66788753	-1.00000000
1233	0.41554145	0.63803494	-1.00000000
1234	0.39620642	0.62735635	-1.00000000
1235	0.40129281	0.66126496	-1.00000000
1236	0.52551314	0.67282276	-1.00000000
1237	0.44823254	0.65632207	-1.00000000
1238	0.41783778	0.63100871	-1.00000000
1239	0.40081885	0.64700936	-1.00000000
1240	0.37756571	0.60482479	-1.00000000
1241	0.40329775	0.66319223	-1.00000000
1242	0.90245144	0.70924381	-1.00000000
1243	0.39391751	0.61691854	-1.00000000
1244	0.41596945	0.64787421	-1.00000000
1245	0.38883220	0.61458035	-1.00000000
1246	0.43773583	0.64394763	-1.00000000
1247	0.50539375	0.69616148	-1.00000000
1248	0.39771259	0.63794281	-1.00000000
1249	0.42540141	0.64769930	-1.00000000
1250	0.39632924	0.61896732	4.37180000
1251	0.40011988	0.61887810	-1.00000000
1252	0.42996045	0.63221568	-1.00000000
1253	0.40159122	0.63978532	-1.00000000
1254	0.40160256	0.64799289	-1.00000000
1255	0.40055847	0.64235405	-1.00000000
1256	0.39366099	0.63771190	-1.00000000
1257	0.53771845	0.67976062	-1.00000000
1258	0.40572387	0.62815109	-1.00000000
1259	0.40211554	0.62190572	-1.00000000
1260	0.40832306	0.64718063	-1.00000000
1261	0.41343704	0.64604333	-1.00000000
1262	0.42834559	0.65782925	-1.00000000
1263	0.38862732	0.61306172	-1.00000000
1264	0.38994494	0.63367478	-1.00000000
1265	0.38282839	0.60468846	-1.00000000
1266	0.40973750	0.64710091	-1.00000000
1267	0.37784175	0.61093127	-1.00000000
1268	0.40767192	0.63867870	-1.00000000
1269	0.44527890	0.64698686	-1.00000000
1270	0.40350257	0.62480493	-1.00000000
1271	0.39624263	0.63095985	-1.00000000
1272	0.39038929	0.62042816	-1.00000000
1273	0.41046775	0.63824401	-1.00000000
1274	0.47415607	0.66573679	-1.00000000
1275	0.40197714	0.65102780	-1.00000000
1276	0.38411988	0.62045297	-1.00000000
1277	0.40170561	0.62506325	-1.00000000
1278	0.39646357	0.63982679	-1.00000000
1279	0.43520177	0.64213845	-1.00000000
1280	0.41408219	0.63720217	-1.00000000
1281	0.42012587	0.66216657	-1.00000000
1282	0.46158791	0.64331208	-1.00000000
1283	0.40650613	0.63962164	-1.00000000
1284	0.48190781	0.66428552	-1.00000000
1285	0.40146617	0.60858239	-1.00000000
1286	0.39687230	0.64293194	-1.00000000
1287	0.40311937	0.63695973	-1.00000000
1288	0.39602626	0.63343997	-1.00000000
1289	0.40825466	0.62057415	-1.00000000
1290	0.41253417	0.64422901	-1.00000000
1291	0.39883140	0.63184446	-1.00000000
1292	0.40900538	0.63211793	-1.00000000
1293	0.38005877	0.62832834	-1.00000000
1294	0.38141609	0.61514845	-1.00000000
1295	0.39937038	0.61021296	-1.00000000
1296	0.40633101	0.62002690	-1.00000000
1297	0.39405794	0.61738423	-1.00000000
1298	0.44871271	0.64800925	-1.00000000
1299	0.40592269	0.65109427	-1.00000000
1300	0.40894088	0.63456401	4.36600000
1301	0.56394904	0.69484114	-1.00000000
1302	0.39933618	0.62777143	-1.00000000
1303	0.40653483	0.62004725	-1.00000000
1304	0.39134096	0.63060262	-1.00000000
1305	0.38853199	0.62998677	-1.00000000
1306	0.37275222	0.61741468	-1.00000000
1307	0.43597950	0.66502552	-1.00000000
1308	0.38303291	0.61779211	-1.00000000
1309	0.40062084	0.62823465	-1.00000000
1310	0.40070269	0.63580506	-1.00000000
1311	0.40916911	0.65846127	-1.00000000
1312	0.41653123	0.63976182	-1.00000000
1313	0.38126234	0.60827735	-1.00000000
1314	0.42040086	0.62727313	-1.00000000
1315	0.38367024	0.60879198	-1.00000000
1316	0.40514661	0.64425023	-1.00000000
1317	0.42614395	0.62435360	-1.00000000
1318	0.38907644	0.65423675	-1.00000000
1319	0.42995048	0.65570164	-1.00000000
1320	0.41202399	0.62898376	-1.00000000
1321	0.39009901	0.61588308	-1.00000000
1322	0.89753344	0.70466909	-1.00000000
1323	0.40988215	0.63737558	-1.00000000
1324	0.41467226	0.63700957	-1.00000000
1325	0.40424296	0.60926738	-1.00000000
1326	0.40169579	0.63423457	-1.00000000
1327	0.40614857	0.62986113	-1.00000000
1328	0.39884800	0.60035041	-1.00000000
1329	0.39791718	0.62760544	-1.00000000
1330	0.45864194	0.67195187	-1.00000000
1331	0.41987188	0.64090508	-1.00000000
1332	0.48533053	0.74940209	-1.00000000
1333	0.39041603	0.61286615	-1.00000000
1334	0.40664921	0.63240063	-1.00000000
1335	0.39325102	0.62226118	-1.00000000
1336	0.40498301	0.64494765	-1.00000000
1337	0.38595818	0.61989122	-1.00000000
1338	0.43998001	0.65514861	-1.00000000
1339	0.38907732	0.62725676	-1.00000000
1340	0.40502107	0.63343660	-1.00000000
1341	0.40802815	0.64333475	-1.00000000
1342	0.38917932	0.60675329	-1.00000000
1343	0.38894800	0.62454244	-1.00000000
1344	0.41731684	0.63907810	-1.00000000
1345	0.39020236	0.64309164	-1.00000000
1346	0.42777057	0.63015404	-1.00000000
1347	0.37662844	0.60704855	-1.00000000
1348	0.41824905	0.65589651	-1.00000000
1349	0.37261448	0.60172895	-1.00000000
1350	0.41630427	0.63704568	4.46180000
1351	0.44437754	0.64776506	-1.00000000
1352	0.41112022	0.62419311	-1.00000000
1353	0.40057311	0.64151704	-1.00000000
1354	0.40716630	0.64136302	-1.00000000
1355	0.39736932	0.60851984	-1.00000000
1356	0.41216921	0.63012513	-1.00000000
1357	0.39636125	0.60072928	-1.00000000
1358	0.42597741	0.64561425	-1.00000000
1359	0.40309246	0.61331650	-1.00000000
1360	0.38688882	0.59599100	-1.00000000
1361	0.41468718	0.63281650	-1.00000000
1362	0.38788118	0.63022244	-1.00000000
1363	0.39476945	0.60726998	-1.00000000
1364	0.38676499	0.62767910	-1.00000000
1365	0.41245657	0.63289849	-1.00000000
1366	0.38042884	0.60998765	-1.00000000
1367	0.39996166	0.63279474	-1.00000000
1368	0.37501215	0.60351182	-1.00000000
1369	0.39627364	0.61725766	-1.00000000
1370	0.39469526	0.62887257	-1.00000000
1371	0.42122690	0.64744354	-1.00000000
1372	0.38950860	0.62774721	-1.00000000
1373	0.48514163	0.68688685	-1.00000000
1374	0.40301766	0.62954773	-1.00000000
1375	0.42654748	0.63776747	-1.00000000
1376	0.39231810	0.60966214	-1.00000000
1377	0.45479221	0.65442291	-1.00000000
1378	0.38498293	0.60866891	-1.00000000
1379	0.61405584	0.69218297	-1.00000000
1380	0.38882985	0.59970754	-1.00000000
1381	0.42226706	0.64643797	-1.00000000
1382	0.39269203	0.61551448	-1.00000000
1383	0.40339390	0.61701088	-1.00000000
1384	0.38863834	0.61413140	-1.00000000
1385	0.39541215	0.62738625	-1.00000000
1386	0.38447433	0.61936090	-1.00000000
1387	0.40049630	0.60502444	-1.00000000
1388	0.45243364	0.66950349	-1.00000000
1389	0.37566862	0.61015614	-1.00000000
1390	0.40776181	0.63603289	-1.00000000
1391	0.39714179	0.60530709	-1.00000000
1392	0.41263196	0.63713334	-1.00000000
1393	0.39632469	0.61862799	-1.00000000
1394	0.39920076	0.60890005	-1.00000000
1395	0.41373880	0.62085229	-1.00000000
1396	0.39212454	0.59789585	-1.00000000
1397	0.43722942	0.66206489	-1.00000000
1398	0.41827063	0.64168710	-1.00000000
1399	0.39938777	0.62060568	-1.00000000
1400	0.41261050	0.64536145	4.74190000
1401	0.41047545	0.63237538	-1.00000000
1402	0.39868343	0.62076308	-1.00000000
1403	0.37676533	0.61314902	-1.00000000
1404	0.43091594	0.64750686	-1.00000000
1405	0.39461413	0.63111605	-1.00000000
1406	0.39664674	0.61693889	-1.00000000
1407	0.39764312	0.61238197	-1.00000000
1408	0.38982226	0.62366336	-1.00000000
1409	0.40576533	0.62119571	-1.00000000
1410	0.37728546	0.59568915	-1.00000000
1411	0.39613366	0.61055827	-1.00000000
1412	0.38973175	0.61281681	-1.00000000
1413	0.39951739	0.61793586	-1.00000000
1414	0.40196493	0.61983647	-1.00000000
1415	0.43453253	0.66224542	-1.00000000
1416	0.42023784	0.64818137	-1.00000000
1417	0.41392377	0.62433479	-1.00000000
1418	0.40349804	0.62603722	-1.00000000
1419	0.37724974	0.59856045	-1.00000000
1420	0.40694751	0.60754619	-1.00000000
1421	0.43094770	0.66050836	-1.00000000
1422	0.40540967	0.61842117	-1.00000000
1423	0.42944186	0.64322120	-1.00000000
1424	0.40486802	0.64640827	-1.00000000
1425	0.39337780	0.62184655	-1.00000000
1426	0.40446735	0.62550078	-1.00000000
1427	0.40976660	0.63816976	-1.00000000
1428	0.41938316	0.63757319	-1.00000000
1429	0.40550353	0.64409162	-1.00000000
1430	0.42955424	0.63895609	-1.00000000
1431	0.39929981	0.61128901	-1.00000000
1432	0.52089025	0.65960257	-1.00000000
1433	0.41409942	0.62865208	-1.00000000
1434	0.40928923	0.62606751	-1.00000000
1435	0.49417133	0.75145193	-1.00000000
1436	0.40301093	0.61572938	-1.00000000
1437	0.40549594	0.64239200	-1.00000000
1438	0.41781884	0.64394069	-1.00000000
1439	0.41504250	0.62469027	-1.00000000
1440	0.40858633	0.64169746	-1.00000000
1441	0.38595946	0.57913035	-1.00000000
1442	0.39806532	0.61665466	-1.00000000
1443	0.42749576	0.63705031	-1.00000000
1444	0.40411294	0.63320538	-1.00000000
1445	0.39406754	0.63614056	-1.00000000
1446	0.43474617	0.63167693	-1.00000000
1447	0.41653941	0.64018462	-1.00000000
1448	0.38235603	0.61461116	-1.00000000
1449	0.42704267	0.66773391	-1.00000000
1450	0.40118235	0.62971399	4.41870000
1451	0.43005522	0.63970883	-1.00000000
1452	0.41578407	0.64110875	-1.00000000
1453	0.42274900	0.63222430	-1.00000000
1454	0.40332387	0.64511516	-1.00000000
1455	0.42883369	0.64840634	-1.00000000
1456	0.41755051	0.63761295	-1.00000000
1457	0.46077000	0.66707642	-1.00000000
1458	0.41047312	0.63840937	-1.00000000
1459	0.40870397	0.63526525	-1.00000000
1460	0.42818654	0.64076850	-1.00000000
1461	0.43698818	0.63774962	-1.00000000
1462	0.40814147	0.64800103	-1.00000000
1463	0.40543688	0.61348681	-1.00000000
1464	0.38194585	0.60530233	-1.00000000
1465	0.45670477	0.65416136	-1.00000000
1466	0.47453530	0.68295024	-1.00000000
1467	0.38124147	0.60898224	-1.00000000
1468	0.41996766	0.64755125	-1.00000000
1469	0.42494981	0.64820466	-1.00000000
1470	0.38375090	0.61019434	-1.00000000
1471	0.40080452	0.61299580	-1.00000000
1472	0.39292823	0.60107328	-1.00000000
1473	0.40999570	0.64446010	-1.00000000
1474	0.41275511	0.63650733	-1.00000000
1475	0.40529966	0.63310870	-1.00000000
1476	0.40072827	0.63236525	-1.00000000
1477	0.39278930	0.61276540	-1.00000000
1478	0.39237898	0.62228541	-1.00000000
1479	0.41454153	0.61597624	-1.00000000
1480	0.37696307	0.60462868	-1.00000000
1481	0.39483958	0.61831687	-1.00000000
1482	0.43963434	0.67032838	-1.00000000
1483	0.41581322	0.65442345	-1.00000000
1484	0.39608583	0.63471665	-1.00000000
1485	0.37241762	0.57393770	-1.00000000
1486	0.40281066	0.62647920	-1.00000000
1487	0.37629454	0.60730336	-1.00000000
1488	0.38840669	0.59646526	-1.00000000
1489	0.41204693	0.63604265	-1.00000000
1490	0.40054257	0.60529891	-1.00000000
1491	0.42137879	0.64317774	-1.00000000
1492	0.41273064	0.62752153	-1.00000000
1493	0.39484943	0.61876390	-1.00000000
1494	0.41601289	0.63338951	-1.00000000
1495	0.45504526	0.67663602	-1.00000000
1496	0.39983210	0.65009957	-1.00000000
1497	0.39623189	0.61854151	-1.00000000
1498	0.40222118	0.62281490	-1.00000000
1499	0.41615931	0.66046414	-1.00000000
1500	0.41193581	0.63198231	4.44180000
1501	0.39823634	0.61751105	-1.00000000
1502	0.42940122	0.62741964	-1.00000000
1503	0.41993253	0.64525558	-1.00000000
1504	0.42587021	0.65104032	-1.00000000
1505	0.41160093	0.63013117	-1.00000000
1506	0.42785500	0.66735368	-1.00000000
1507	0.41747559	0.63899435	-1.00000000
1508	0.42931375	0.65548184	-1.00000000
1509	0.41417102	0.64559642	-1.00000000
1510	0.42443408	0.65099905	-1.00000000
1511	0.44144875	0.64404456	-1.00000000
1512	0.40680729	0.61819021	-1.00000000
1513	0.39699594	0.62261333	-1.00000000
1514	0.39846972	0.62254053	-1.00000000
1515	0.38104223	0.62175635	-1.00000000
1516	0.43597235	0.63660349	-1.00000000
1517	0.42705381	0.65106291	-1.00000000
1518	0.41481244	0.64269701	-1.00000000
1519	0.40010046	0.61133180	-1.00000000
1520	0.38971924	0.62572630	-1.00000000
1521	0.41313963	0.64617369	-1.00000000
1522	0.41808537	0.60564326	-1.00000000
1523	0.41679986	0.64876845	-1.00000000
1524	0.42539792	0.62001617	-1.00000000
1525	0.42811535	0.65535297	-1.00000000
1526	0.43495504	0.64466367	-1.00000000
1527	0.42455221	0.63276437	-1.00000000
1528	0.42031658	0.63111927	-1.00000000
1529	0.48256917	0.67592272	-1.00000000
1530	0.40123604	0.63254084	-1.00000000
1531	0.41168495	0.63031191	-1.00000000
1532	0.42845971	0.63822433	-1.00000000
1533	0.50136202	0.73157162	-1.00000000
1534	0.42780494	0.66144583	-1.00000000
1535	0.38763958	0.60692655	-1.00000000
1536	0.39944126	0.62572843	-1.00000000
1537	0.47026715	0.65492186	-1.00000000
1538	0.38130855	0.60251763	-1.00000000
1539	0.39167015	0.62267188	-1.00000000
1540	0.40521963	0.64503872	-1.00000000
1541	0.40876991	0.61762749	-1.00000000
1542	0.47152253	0.67874614	-1.00000000
1543	0.39708724	0.63189498	-1.00000000
1544	0.40771823	0.63151658	-1.00000000
1545	0.89919644	0.70521344	-1.00000000
1546	0.41165357	0.64242453	-1.00000000
1547	0.39182853	0.63323584	-1.00000000
1548	0.41215533	0.64198853	-1.00000000
1549	0.40917865	0.62010063	-1.00000000
1550	0.43956214	0.66080306	4.63350000
1551	0.49261701	0.67286960	-1.00000000
1552	0.41055686	0.61680277	-1.00000000
1553	0.41442835	0.62242251	-1.00000000
1554	0.41754590	0.64603075	-1.00000000
1555	0.42031188	0.63465643	-1.00000000
1556	0.44604362	0.66107715	-1.00000000
1557	0.40028626	0.61559964	-1.00000000
1558	0.40406711	0.63450464	-1.00000000
1559	0.45784283	0.67662951	-1.00000000
1560	0.42733267	0.62819227	-1.00000000
1561	0.42534223	0.63659833	-1.00000000
1562	0.42930909	0.66351609	-1.00000000
1563	0.43156305	0.70636387	-1.00000000
1564	0.40211484	0.62383421	-1.00000000
1565	0.40022973	0.59829651	-1.00000000
1566	0.39836524	0.61013906	-1.00000000
1567	0.42166537	0.63460595	-1.00000000
1568	0.44336759	0.64544327	-1.00000000
1569	0.40601290	0.61741070	-1.00000000
1570	0.41327378	0.61700755	-1.00000000
1571	0.41555904	0.63814392	-1.00000000
1572	0.40953411	0.62490903	-1.00000000
1573	0.39816873	0.60400398	-1.00000000
1574	0.41464694	0.64585195	-1.00000000
1575	0.41176348	0.63322669	-1.00000000
1576	0.42932777	0.64383582	-1.00000000
1577	0.41252254	0.64316944	-1.00000000
1578	0.41388474	0.65161322	-1.00000000
1579	0.39807258	0.62089188	-1.00000000
1580	0.40830782	0.63023959	-1.00000000
1581	0.41878218	0.64947649	-1.00000000
1582	0.41961584	0.64513139	-1.00000000
1583	0.41929333	0.61727007	-1.00000000
1584	0.41662530	0.63127279	-1.00000000
1585	0.43287258	0.64227685	-1.00000000
1586	0.42482692	0.65562126	-1.00000000
1587	0.52692751	0.65809230	-1.00000000
1588	0.42886694	0.64770468	-1.00000000
1589	0.43070484	0.64474051	-1.00000000
1590	0.42846126	0.64036781	-1.00000000
1591	0.42055910	0.64969167	-1.00000000
1592	0.45290284	0.63954183	-1.00000000
1593	0.41303551	0.60640171	-1.00000000
1594	0.40675001	0.64117582	-1.00000000
1595	0.39407930	0.61191664	-1.00000000
1596	0.49446199	0.66315518	-1.00000000
1597	0.43596130	0.63276648	-1.00000000
1598	0.39418209	0.59694382	-1.00000000
1599	0.41923653	0.62391823	-1.00000000
1600	0.43516666	0.66107378	4.49710000
1601	0.42884825	0.65064738	-1.00000000
1602	0.42234804	0.63747201	-1.00000000
1603	0.41075903	0.63365148	-1.00000000
1604	0.42517742	0.63663064	-1.00000000
1605	0.39482889	0.62248487	-1.00000000
1606	0.46287586	0.64679381	-1.00000000
1607	0.40662919	0.62716269	-1.00000000
1608	0.41855292	0.63251903	-1.00000000
1609	0.41056989	0.61871631	-1.00000000
1610	0.42280784	0.62561568	-1.00000000
1611	0.43790402	0.64588275	-1.00000000
1612	0.43510443	0.64660932	-1.00000000
1613	0.43829241	0.65009664	-1.00000000
1614	0.40279158	0.61620485	-1.00000000
1615	0.41513323	0.64377949	-1.00000000
1616	0.41378705	0.60711538	-1.00000000
1617	0.42519516	0.64257305	-1.00000000
1618	0.41242458	0.64243084	-1.00000000
1619	0.45715713	0.66134663	-1.00000000
1620	0.40163355	0.63206251	-1.00000000
1621	0.38549411	0.60836812	-1.00000000
1622	0.40641063	0.61966486	-1.00000000
1623	0.43156367	0.63656002	-1.00000000
1624	0.38848306	0.62657882	-1.00000000
1625	0.43517668	0.66908886	-1.00000000
1626	0.41257380	0.63124298	-1.00000000
1627	0.39609727	0.62299248	-1.00000000
1628	0.44511152	0.65347319	-1.00000000
1629	0.41306318	0.63532837	-1.00000000
1630	0.44783498	0.65825570	-1.00000000
1631	0.43398980	0.65520962	-1.00000000
1632	0.64627267	0.76536244	-1.00000000
1633	0.43344215	0.64923873	-1.00000000
1634	0.40029281	0.61527564	-1.00000000
1635	0.39739193	0.60788612	-1.00000000
1636	0.40524937	0.62085281	-1.00000000
1637	0.41188798	0.62391849	-1.00000000
1638	0.40644348	0.60316451	-1.00000000
1639	0.42368966	0.63836689	-1.00000000
1640	0.41511602	0.64580444	-1.00000000
1641	0.44220927	0.64833203	-1.00000000
1642	0.43271264	0.62841051	-1.00000000
1643	0.39768404	0.62433177	-1.00000000
1644	0.42584949	0.65304040	-1.00000000
1645	0.44128349	0.65034516	-1.00000000
1646	0.39938405	0.63695227	-1.00000000
1647	0.36719538	0.61725953	-1.00000000
1648	0.39905915	0.62329336	-1.00000000
1649	0.39809745	0.58862252	-1.00000000
1650	0.42285599	0.64011887	4.35780000
1651	0.40293803	0.64550146	-1.00000000
1652	0.41676001	0.63134930	-1.00000000
1653	0.41516666	0.63940027	-1.00000000
1654	0.40103925	0.63603207	-1.00000000
1655	0.45232724	0.68608338	-1.00000000
1656	0.40719994	0.61210780	-1.00000000
1657	0.39868603	0.61394263	-1.00000000
1658	0.40126421	0.61985013	-1.00000000
1659	0.44456805	0.64730834	-1.00000000
1660	0.40875922	0.63296001	-1.00000000
1661	0.42628016	0.64413100	-1.00000000
1662	0.45174435	0.65736235	-1.00000000
1663	0.40204821	0.62480633	-1.00000000
1664	0.41455330	0.61717375	-1.00000000
1665	0.42237297	0.63247617	-1.00000000
1666	0.41701755	0.63463717	-1.00000000
1667	0.41492841	0.63224692	-1.00000000
1668	0.44395867	0.66612478	-1.00000000
1669	0.41138788	0.62281930	-1.00000000
1670	0.39854937	0.61180078	-1.00000000
1671	0.46014645	0.64631332	-1.00000000
1672	0.46631592	0.65445540	-1.00000000
1673	0.41149390	0.64131074	-1.00000000
1674	0.42450586	0.62664449	-1.00000000
1675	0.44737768	0.64774291	-1.00000000
1676	0.43152180	0.62946411	-1.00000000
1677	0.40836653	0.62816204	-1.00000000
1678	0.43538378	0.66220084	-1.00000000
1679	0.39978451	0.63943626	-1.00000000
1680	0.41117589	0.61361456	-1.00000000
1681	0.41512228	0.61144095	-1.00000000
1682	0.42621312	0.66155132	-1.00000000
1683	0.42052148	0.63637122	-1.00000000
1684	0.40889861	0.62307211	-1.00000000
1685	0.41903496	0.64951117	-1.00000000
1686	0.46834611	0.69491310	-1.00000000
1687	0.44929977	0.64658498	-1.00000000
1688	0.45756930	0.66462114	-1.00000000
1689	0.43536214	0.65090645	-1.00000000
1690	0.42224564	0.64843553	-1.00000000
1691	0.39879266	0.61959071	-1.00000000
1692	0.44565058	0.63916475	-1.00000000
1693	0.40752969	0.60482670	-1.00000000
1694	0.43217918	0.65185099	-1.00000000
1695	0.41742571	0.66741474	-1.00000000
1696	0.40491486	0.62393715	-1.00000000
1697	0.41620084	0.64152752	-1.00000000
1698	0.42269266	0.62925250	-1.00000000
1699	0.41148025	0.62989308	-1.00000000
1700	0.41893025	0.62941094	4.51970000
1701	0.41625479	0.64528711	-1.00000000
1702	0.44779892	0.63566183	-1.00000000
1703	0.39386824	0.60879127	-1.00000000
1704	0.41322011	0.62479254	-1.00000000
1705	0.42339798	0.65563838	-1.00000000
1706	0.43770137	0.65339038	-1.00000000
1707	0.40068275	0.60143959	-1.00000000
1708	0.44109149	0.66623039	-1.00000000
1709	0.41537066	0.63050478	-1.00000000
1710	0.42076397	0.63038318	-1.00000000
1711	0.63666401	0.88686331	-1.00000000
1712	0.42700558	0.63252354	-1.00000000
1713	0.43431206	0.66253259	-1.00000000
1714	0.45955805	0.66133698	-1.00000000
1715	0.45909853	0.66351599	-1.00000000
1716	0.42319957	0.63860697	-1.00000000
1717	0.42404980	0.65583787	-1.00000000
1718	0.47154892	0.66658553	-1.00000000
1719	0.41119642	0.62839662	-1.00000000
1720	0.42948005	0.64715826	-1.00000000
1721	0.41285937	0.62823820	-1.00000000
1722	0.46129428	0.65635769	-1.00000000
1723	0.43360707	0.64918864	-1.00000000
1724	0.41680312	0.64771630	-1.00000000
1725	0.46085756	0.64366995	-1.00000000
1726	0.43066611	0.65559581	-1.00000000
1727	0.44835756	0.67265606	-1.00000000
1728	0.43600491	0.64739127	-1.00000000
1729	0.43440950	0.63928350	-1.00000000
1730	0.39300011	0.60905494	-1.00000000
1731	0.43718250	0.67328212	-1.00000000
1732	0.42526301	0.63255282	-1.00000000
1733	0.42163356	0.62847441	-1.00000000
1734	0.41855230	0.64669688	-1.00000000
1735	0.43000478	0.60876396	-1.00000000
1736	0.44732783	0.63041947	-1.00000000
1737	0.40694250	0.63655636	-1.00000000
1738	0.41249771	0.63755928	-1.00000000
1739	0.45503698	0.64152870	-1.00000000
1740	0.43079730	0.65459473	-1.00000000
1741	0.42018305	0.63399013	-1.00000000
1742	0.41174527	0.63264270	-1.00000000
1743	0.41875355	0.61619030	-1.00000000
1744	0.39810440	0.61367401	-1.00000000
1745	0.42837652	0.63500268	-1.00000000
1746	0.41617030	0.62085105	-1.00000000
1747	0.45980350	0.68231959	-1.00000000
1748	0.41722655	0.63804358	-1.00000000
1749	0.42497824	0.62159701	-1.00000000
1750	0.41569929	0.61680888	4.40950000
1751	0.44035380	0.65515562	-1.00000000
1752	0.41584184	0.62940212	-1.00000000
1753	0.42693536	0.64043919	-1.00000000
1754	0.54285058	0.82882125	-1.00000000
1755	0.41188251	0.62718990	-1.00000000
1756	0.41909301	0.64521930	-1.00000000
1757	0.41967224	0.63911332	-1.00000000
1758	0.42380711	0.64178575	-1.00000000
1759	0.40550686	0.62163871	-1.00000000
1760	0.46318242	0.64908325	-1.00000000
1761	0.40747328	0.64050205	-1.00000000
1762	0.46845969	0.66585647	-1.00000000
1763	0.40833911	0.61866139	-1.00000000
1764	0.41626232	0.63318236	-1.00000000
1765	0.39505928	0.59437225	-1.00000000
1766	0.46635714	0.66150641	-1.00000000
1767	0.41651544	0.62026164	-1.00000000
1768	0.41852525	0.62240472	-1.00000000
1769	0.40280442	0.60339340	-1.00000000
1770	0.43190343	0.66109725	-1.00000000
1771	0.43449932	0.64386609	-1.00000000
1772	0.44327163	0.66067319	-1.00000000
1773	0.43807172	0.62319889	-1.00000000
1774	0.44206753	0.65123384	-1.00000000
1775	0.42187506	0.63702463	-1.00000000
1776	0.45427929	0.68530346	-1.00000000
1777	0.39814443	0.59464396	-1.00000000
1778	0.38513549	0.59587617	-1.00000000
1779	0.42168203	0.63291689	-1.00000000
1780	0.41829632	0.62254812	-1.00000000
1781	0.41102908	0.65428153	-1.00000000
1782	0.42998865	0.62336206	-1.00000000
1783	0.40977192	0.62016728	-1.00000000
1784	0.42978413	0.63379132	-1.00000000
1785	0.46325190	0.67405112	-1.00000000
1786	0.43846030	0.64633452	-1.00000000
1787	0.44251233	0.66023162	-1.00000000
1788	0.45508789	0.67037402	-1.00000000
1789	0.52610160	0.76477484	-1.00000000
1790	0.42712472	0.64060294	-1.00000000
1791	0.43065892	0.63614551	-1.00000000
1792	0.39667756	0.61028636	-1.00000000
1793	0.42726750	0.62117295	-1.00000000
1794	0.42512262	0.63194473	-1.00000000
1795	0.41084307	0.61168191	-1.00000000
1796	0.47062145	0.66722650	-1.00000000
1797	0.41836432	0.62458302	-1.00000000
1798	0.43930369	0.63770378	-1.00000000
1799	0.42290196	0.63269761	-1.00000000
1800	0.47077780	0.69537272	4.84390000
1801	0.45176544	0.64150418	-1.00000000
1802	0.41951981	0.63452664	-1.00000000
1803	0.42082175	0.64588349	-1.00000000
1804	0.43563957	0.65428300	-1.00000000
1805	0.42268476	0.61949115	-1.00000000
1806	0.41824797	0.61552589	-1.00000000
1807	0.43264568	0.66487874	-1.00000000
1808	0.48227938	0.69595180	-1.00000000
1809	0.41688605	0.62019557	-1.00000000
1810	0.44208036	0.66738296	-1.00000000
1811	0.42795078	0.65831609	-1.00000000
1812	0.41041349	0.62747266	-1.00000000
1813	0.40157716	0.62749405	-1.00000000
1814	0.49453195	0.65253695	-1.00000000
1815	0.42170451	0.63847899	-1.00000000
1816	0.42305561	0.64761478	-1.00000000
1817	0.41081399	0.61947056	-1.00000000
1818	0.40381036	0.63171085	-1.00000000
1819	0.44019958	0.67257450	-1.00000000
1820	0.41035087	0.63141623	-1.00000000
1821	0.43846006	0.64671897	-1.00000000
1822	0.42358183	0.65053744	-1.00000000
1823	0.41956452	0.62876222	-1.00000000
1824	0.50193714	0.72958250	-1.00000000
1825	0.44371959	0.65292809	-1.00000000
1826	0.43945270	0.63825627	-1.00000000
1827	0.40782930	0.63196826	-1.00000000
1828	0.36907230	0.61231500	-1.00000000
1829	0.41549364	0.62800396	-1.00000000
1830	0.44634568	0.64871240	-1.00000000
1831	0.42755445	0.62859346	-1.00000000
1832	0.42376959	0.62980882	-1.00000000
1833	0.42963554	0.65125389	-1.00000000
1834	0.44620451	0.65870552	-1.00000000
1835	0.41352629	0.62001762	-1.00000000
1836	0.41732018	0.62652843	-1.00000000
1837	0.42570558	0.62935176	-1.00000000
1838	0.44297053	0.62550215	-1.00000000
1839	0.43246898	0.63562694	-1.00000000
1840	0.43106574	0.63934309	-1.00000000
1841	0.42378227	0.67129831	-1.00000000
1842	0.44282256	0.63760122	-1.00000000
1843	0.41611102	0.60928034	-1.00000000
1844	0.40365713	0.61871201	-1.00000000
1845	0.41896812	0.62976900	-1.00000000
1846	0.76989497	0.74699536	-1.00000000
1847	0.45743001	0.69217554	-1.00000000
1848	0.43446508	0.67262291	-1.00000000
1849	0.42909833	0.63753737	-1.00000000
1850	0.44380424	0.63943888	4.33880000
1851	0.39300834	0.60795326	-1.00000000
1852	0.43562415	0.63532954	-1.00000000
1853	0.42415773	0.62791995	-1.00000000
1854	0.44627964	0.65457862	-1.00000000
1855	0.43440203	0.64210311	-1.00000000
1856	0.41720189	0.62420073	-1.00000000
1857	0.41704154	0.63106443	-1.00000000
1858	0.44162017	0.66073719	-1.00000000
1859	0.50444334	0.72316663	-1.00000000
1860	0.42159777	0.62546284	-1.00000000
1861	0.41603872	0.62641650	-1.00000000
1862	0.44359624	0.65415125	-1.00000000
1863	0.43001851	0.63921568	-1.00000000
1864	0.41961214	0.63584716	-1.00000000
1865	0.45377372	0.66063730	-1.00000000
1866	0.41978275	0.64236710	-1.00000000
1867	0.43082900	0.62769344	-1.00000000
1868	0.48587247	0.67519754	-1.00000000
1869	0.44190322	0.64628229	-1.00000000
1870	0.41538253	0.62766676	-1.00000000
1871	0.44823985	0.65219143	-1.00000000
1872	0.42080606	0.63740462	-1.00000000
1873	0.42421831	0.63221180	-1.00000000
1874	0.45014917	0.66804386	-1.00000000
1875	0.42921288	0.62544031	-1.00000000
1876	0.43123831	0.63594292	-1.00000000
1877	0.39987328	0.60989650	-1.00000000
1878	0.44451556	0.64639578	-1.00000000
1879	0.40648988	0.61365368	-1.00000000
1880	0.42825263	0.64150965	-1.00000000
1881	0.43901405	0.64498194	-1.00000000
1882	0.44762387	0.66301495	-1.00000000
1883	0.39738561	0.61922769	-1.00000000
1884	0.44118013	0.65281057	-1.00000000
1885	0.41910777	0.62174897	-1.00000000
1886	0.43291116	0.64018637	-1.00000000
1887	0.38648248	0.65100795	-1.00000000
1888	0.43603811	0.64939225	-1.00000000
1889	0.42909334	0.65441993	-1.00000000
1890	0.43953423	0.65553284	-1.00000000
1891	0.45629050	0.66144712	-1.00000000
1892	0.51672338	0.72236647	-1.00000000
1893	0.40831304	0.62665968	-1.00000000
1894	0.44186634	0.66810211	-1.00000000
1895	0.45180301	0.71030967	-1.00000000
1896	0.43254131	0.63228861	-1.00000000
1897	0.44501030	0.67741798	-1.00000000
1898	0.43078881	0.64309168	-1.00000000
1899	0.42388068	0.63668742	-1.00000000
1900	0.42435639	0.67447596	4.34110000
1901	0.45214179	0.64091444	-1.00000000
1902	0.45895505	0.68099217	-1.00000000
1903	0.43879014	0.66456177	-1.00000000
1904	0.43302716	0.65216107	-1.00000000
1905	0.41609811	0.62968975	-1.00000000
1906	0.41702646	0.62492172	-1.00000000
1907	0.42909675	0.65131762	-1.00000000
1908	0.42128698	0.63754677	-1.00000000
1909	0.48616095	0.69599694	-1.00000000
1910	0.43161297	0.64637258	-1.00000000
1911	0.43333598	0.65357691	-1.00000000
1912	0.44350887	0.62120939	-1.00000000
1913	0.43904757	0.62787486	-1.00000000
1914	0.43836612	0.64015370	-1.00000000
1915	0.42474268	0.61545985	-1.00000000
1916	0.47290680	0.66138034	-1.00000000
1917	0.46464733	0.67310488	-1.00000000
1918	0.41285960	0.64031709	-1.00000000
1919	0.40449360	0.65214421	-1.00000000
1920	0.43278853	0.63324600	-1.00000000
1921	0.44166165	0.65885398	-1.00000000
1922	0.42965550	0.62310565	-1.00000000
1923	0.43625275	0.62894007	-1.00000000
1924	0.43276281	0.66202436	-1.00000000
1925	0.65402491	0.70530333	-1.00000000
1926	0.42428921	0.63077700	-1.00000000
1927	0.42673601	0.63919862	-1.00000000
1928	0.43778055	0.67151942	-1.00000000
1929	0.48195735	0.68131697	-1.00000000
1930	0.49843133	0.72697720	-1.00000000
1931	0.41183261	0.62694844	-1.00000000
1932	0.47612837	0.66719027	-1.00000000
1933	0.45217028	0.64266039	-1.00000000
1934	0.41965177	0.61995603	-1.00000000
1935	0.41881825	0.63113562	-1.00000000
1936	0.44258547	0.65804059	-1.00000000
1937	0.43956262	0.64211230	-1.00000000
1938	0.51519857	0.80395861	-1.00000000
1939	0.48338882	0.64510056	-1.00000000
1940	0.40926633	0.63410080	-1.00000000
1941	0.44098514	0.65370032	-1.00000000
1942	0.44481921	0.64056116	-1.00000000
1943	0.40961758	0.62216787	-1.00000000
1944	0.42836965	0.61904741	-1.00000000
1945	0.49097137	0.69367295	-1.00000000
1946	0.41236182	0.64754284	-1.00000000
1947	0.45923683	0.69068651	-1.00000000
1948	0.41059390	0.63344160	-1.00000000
1949	0.42392507	0.63480580	-1.00000000
1950	0.45071646	0.66243646	4.59260000
1951	0.43467414	0.63417910	-1.00000000
1952	0.44151696	0.67518275	-1.00000000
1953	0.44943526	0.66590978	-1.00000000
1954	0.41123971	0.63571482	-1.00000000
1955	0.45233203	0.67694141	-1.00000000
1956	0.42267384	0.63066069	-1.00000000
1957	0.41099599	0.61401480	-1.00000000
1958	0.44786070	0.64187399	-1.00000000
1959	0.40869234	0.63128719	-1.00000000
1960	0.45757916	0.65383595	-1.00000000
1961	0.38102003	0.59750516	-1.00000000
1962	0.43804483	0.66026384	-1.00000000
1963	0.39835661	0.61042324	-1.00000000
1964	0.43092662	0.63067199	-1.00000000
1965	0.41746476	0.64503825	-1.00000000
1966	0.45026260	0.68760072	-1.00000000
1967	0.43000451	0.65846432	-1.00000000
1968	0.41587762	0.64742503	-1.00000000
1969	0.43980645	0.65083386	-1.00000000
1970	0.41891080	0.62560534	-1.00000000
1971	0.50305891	0.79704445	-1.00000000
1972	0.47570883	0.69351339	-1.00000000
1973	0.40994623	0.64202565	-1.00000000
1974	0.44578917	0.65059575	-1.00000000
1975	0.45169870	0.64163545	-1.00000000
1976	0.44476946	0.65354536	-1.00000000
1977	0.44615253	0.64972564	-1.00000000
1978	0.43782356	0.63376645	-1.00000000
1979	0.43808745	0.63842173	-1.00000000
1980	0.41602552	0.61352504	-1.00000000
1981	0.44206596	0.63530093	-1.00000000
1982	0.43164967	0.63734129	-1.00000000
1983	0.41639725	0.62741378	-1.00000000
1984	0.42805446	0.68112963	-1.00000000
1985	0.42676996	0.63682269	-1.00000000
1986	0.40530491	0.62574178	-1.00000000
1987	0.44993004	0.67014099	-1.00000000
1988	0.46474914	0.65978208	-1.00000000
1989	0.38883047	0.63173687	-1.00000000
1990	0.44796823	0.64378617	-1.00000000
1991	0.42335519	0.65841919	-1.00000000
1992	0.42678821	0.65345267	-1.00000000
1993	0.48353985	0.68407226	-1.00000000
1994	0.41395103	0.62705761	-1.00000000
1995	0.46112220	0.67728400	-1.00000000
1996	0.43981182	0.67106035	-1.00000000
1997	0.41195298	0.62564486	-1.00000000
1998	0.47179743	0.68745936	-1.00000000
1999	0.42161966	0.65491523	-1.00000000
