0	7.04813453	9.15805211	14.98130000
1	7.05398314	9.15810924	-1.00000000
2	7.00584182	9.15828127	-1.00000000
3	7.04247096	9.15815539	-1.00000000
4	7.00678459	9.15793758	-1.00000000
5	7.00775439	9.15808114	-1.00000000
6	7.03662506	9.15808898	-1.00000000
7	7.03125344	9.15790024	-1.00000000
8	7.04552417	9.15809401	-1.00000000
9	7.04509416	9.15805014	-1.00000000
10	7.03348280	9.15790766	-1.00000000
11	7.03389531	9.15804187	-1.00000000
12	7.05143354	9.15792501	-1.00000000
13	7.03747231	9.15798743	-1.00000000
14	7.03674344	9.15786915	-1.00000000
15	7.00558481	9.15823695	-1.00000000
16	7.02359843	9.15806633	-1.00000000
17	7.01186744	9.15805730	-1.00000000
18	7.06122543	9.15810132	-1.00000000
19	7.01553769	9.15810985	-1.00000000
20	7.02538628	9.15824967	-1.00000000
21	7.01821255	9.15807362	-1.00000000
22	7.04266372	9.15801857	-1.00000000
23	7.05389472	9.15801707	-1.00000000
24	7.02166348	9.15804191	-1.00000000
25	7.05131980	9.15802913	-1.00000000
26	7.04259638	9.15798930	-1.00000000
27	7.03295494	9.15803272	-1.00000000
28	7.00828634	9.15807728	-1.00000000
29	7.03516768	9.15815747	-1.00000000
30	7.02372076	9.15799254	-1.00000000
31	7.03391436	9.15812829	-1.00000000
32	7.01283218	9.15813132	-1.00000000
33	7.05119892	9.15807916	-1.00000000
34	7.04260528	9.15800474	-1.00000000
35	7.03548877	9.15808016	-1.00000000
36	7.00600163	9.15808917	-1.00000000
37	6.99218128	9.15824347	-1.00000000
38	7.04719403	9.15816181	-1.00000000
39	6.79112418	3.59058675	-1.00000000
40	4.85298683	1.43120229	-1.00000000
41	4.71166725	1.35325210	-1.00000000
42	6.65926505	3.18098779	-1.00000000
43	7.06995747	9.15809948	-1.00000000
44	6.99799568	9.15814508	-1.00000000
45	7.05621052	9.15808621	-1.00000000
46	7.05115808	9.15819980	-1.00000000
47	6.98321941	9.15825922	-1.00000000
48	7.05392836	9.15809375	-1.00000000
49	7.02946863	9.15798905	-1.00000000
50	7.01895172	9.15798561	17.65860000
51	7.00941052	9.15814602	-1.00000000
52	7.02865327	9.15810583	-1.00000000
53	7.04775900	9.15808186	-1.00000000
54	7.01886234	9.15805669	-1.00000000
55	7.02616827	9.15799843	-1.00000000
56	7.02814555	9.15805882	-1.00000000
57	7.03539691	9.15799494	-1.00000000
58	6.98838815	9.15821261	-1.00000000
59	7.01156292	9.15802721	-1.00000000
60	7.04380792	9.15798953	-1.00000000
61	7.02453661	9.15802714	-1.00000000
62	7.04295736	9.15813041	-1.00000000
63	7.02712060	9.15795780	-1.00000000
64	7.03067071	9.15826606	-1.00000000
65	7.01625238	9.15799645	-1.00000000
66	7.01116765	9.15800855	-1.00000000
67	7.02872198	9.15793788	-1.00000000
68	7.05008839	9.15793190	-1.00000000
69	7.00461730	9.15822303	-1.00000000
70	7.06335826	9.15804107	-1.00000000
71	7.01225021	9.15799725	-1.00000000
72	6.98205145	9.15810885	-1.00000000
73	7.02706108	9.15798973	-1.00000000
74	7.04268798	9.15822268	-1.00000000
75	7.05967208	9.15790045	-1.00000000
76	7.04510313	9.15806853	-1.00000000
77	7.02104011	9.15803239	-1.00000000
78	7.02730068	9.15791631	-1.00000000
79	7.02140614	9.15787643	-1.00000000
80	7.00450845	9.15826663	-1.00000000
81	7.03757994	9.15801888	-1.00000000
82	7.04270833	9.15793230	-1.00000000
83	7.03840665	9.15800005	-1.00000000
84	7.03033684	9.15809506	-1.00000000
85	7.04661139	9.15806545	-1.00000000
86	7.04529883	9.15802992	-1.00000000
87	7.02967180	9.15809618	-1.00000000
88	7.02477231	9.15798704	-1.00000000
89	7.04961926	9.15807745	-1.00000000
90	6.35639672	2.62755925	-1.00000000
91	4.65627820	1.32970429	-1.00000000
92	6.13809239	2.33934988	-1.00000000
93	7.05266973	9.15796764	-1.00000000
94	7.04603033	9.15804188	-1.00000000
95	7.01674196	9.15804377	-1.00000000
96	7.01484182	8.61092217	-1.00000000
97	6.98783726	9.15827372	-1.00000000
98	7.02766974	9.15802348	-1.00000000
99	7.02005628	9.15810881	-1.00000000
100	7.00823834	9.15798438	15.77230000
101	6.99717190	9.15804624	-1.00000000
102	7.02446752	8.74188108	-1.00000000
103	7.02502845	9.15807520	-1.00000000
104	7.03255472	9.15807697	-1.00000000
105	7.03241564	9.15792731	-1.00000000
106	7.03804931	8.06474564	-1.00000000
107	6.94598607	4.73773304	-1.00000000
108	6.83010311	3.70008746	-1.00000000
109	5.97152636	2.13360802	-1.00000000
110	4.68726625	1.42525159	-1.00000000
111	5.50045411	1.78929630	-1.00000000
112	6.16077108	2.32240447	-1.00000000
113	6.86547259	4.04747371	-1.00000000
114	7.01251171	5.59202109	-1.00000000
115	7.01334656	5.62001823	-1.00000000
116	7.06175935	6.97158502	-1.00000000
117	7.01135801	8.46836200	-1.00000000
118	7.02256397	9.15814247	-1.00000000
119	7.05439055	9.15819204	-1.00000000
120	7.09715280	9.15825093	-1.00000000
121	7.06328083	9.15823794	-1.00000000
122	7.02038823	9.15845555	-1.00000000
123	7.04101786	9.15852866	-1.00000000
124	7.07575049	9.15845871	-1.00000000
125	7.12076605	9.15833163	-1.00000000
126	7.11532025	9.15840706	-1.00000000
127	7.11522430	9.15833595	-1.00000000
128	7.11320833	9.15848052	-1.00000000
129	7.10068142	9.15847266	-1.00000000
130	7.06497915	9.15861614	-1.00000000
131	7.11130433	9.15837757	-1.00000000
132	7.05049715	9.15858195	-1.00000000
133	7.11946383	9.15850239	-1.00000000
134	7.05314253	9.15879310	-1.00000000
135	7.06302817	9.15872404	-1.00000000
136	7.04710143	9.15861157	-1.00000000
137	7.06975138	9.15862525	-1.00000000
138	7.05857258	9.15873134	-1.00000000
139	7.07032319	9.15866889	-1.00000000
140	7.05866563	9.15872718	-1.00000000
141	7.06687764	9.15865119	-1.00000000
142	7.05621683	9.15880446	-1.00000000
143	7.10530371	9.15850977	-1.00000000
144	7.05645789	9.15870555	-1.00000000
145	7.09349850	9.15869105	-1.00000000
146	7.08806110	9.15864692	-1.00000000
147	7.05923396	9.15870734	-1.00000000
148	7.10962437	9.15877836	-1.00000000
149	7.12805659	9.15870629	-1.00000000
150	7.07136346	9.15876502	22.64940000
151	7.04730840	9.15861283	-1.00000000
152	7.05559865	9.15882218	-1.00000000
153	7.07173779	9.15883906	-1.00000000
154	7.05747452	9.15876768	-1.00000000
155	7.05045379	9.15859021	-1.00000000
156	7.04392939	9.15883905	-1.00000000
157	7.06415682	9.15848837	-1.00000000
158	7.04914101	9.15854943	-1.00000000
159	7.12926620	9.15836514	-1.00000000
160	7.12447607	9.15842575	-1.00000000
161	7.09543244	9.15847768	-1.00000000
162	7.04983775	9.15848894	-1.00000000
163	7.02318038	9.15850732	-1.00000000
164	7.07316847	9.15811922	-1.00000000
165	7.02319448	9.15826604	-1.00000000
166	7.01869489	8.06497150	-1.00000000
167	6.84652279	4.56545087	-1.00000000
168	6.67666015	3.25214845	-1.00000000
169	4.79562376	1.55281734	-1.00000000
170	6.14092362	2.30922190	-1.00000000
171	6.77855259	3.64770803	-1.00000000
172	7.02576894	8.46834361	-1.00000000
173	7.02190834	9.15801625	-1.00000000
174	7.03148843	9.15795694	-1.00000000
175	7.06109591	9.15806897	-1.00000000
176	7.02194720	9.15787199	-1.00000000
177	7.04739338	9.15820663	-1.00000000
178	7.04654308	8.50053089	-1.00000000
179	7.02484561	9.15806454	-1.00000000
180	7.03524660	9.15809927	-1.00000000
181	7.04852983	9.15794753	-1.00000000
182	7.03689451	9.15804497	-1.00000000
183	6.99150904	5.74077965	-1.00000000
184	4.75754978	1.37731714	-1.00000000
185	6.91487411	4.32958084	-1.00000000
186	7.01131252	9.15810258	-1.00000000
187	7.02422722	9.15807829	-1.00000000
188	7.02332884	9.15795202	-1.00000000
189	7.03933262	9.15635707	-1.00000000
190	7.03291254	9.15806435	-1.00000000
191	7.01823281	9.15801555	-1.00000000
192	7.01677922	8.76232135	-1.00000000
193	7.04549944	9.15806211	-1.00000000
194	7.05298401	9.15806131	-1.00000000
195	7.04909749	9.15789223	-1.00000000
196	6.97020776	8.90660386	-1.00000000
197	7.03130525	8.71169778	-1.00000000
198	7.03097329	9.15806769	-1.00000000
199	7.06671908	9.15806348	-1.00000000
200	7.03863037	9.15805496	23.31150000
201	7.03893775	9.15796797	-1.00000000
202	7.00954834	9.15821596	-1.00000000
203	7.04616584	9.15797151	-1.00000000
204	7.03654871	9.15786528	-1.00000000
205	7.01210544	9.15806357	-1.00000000
206	7.04431078	7.77861681	-1.00000000
207	6.92863032	6.61728554	-1.00000000
208	7.04275371	6.77190018	-1.00000000
209	6.60284295	3.08241999	-1.00000000
210	6.82929500	3.76835722	-1.00000000
211	6.34091314	2.53498914	-1.00000000
212	5.80852244	1.98610180	-1.00000000
213	5.88128524	2.05959221	-1.00000000
214	5.86842203	2.03517417	-1.00000000
215	5.28012495	1.62161369	-1.00000000
216	5.28162987	1.73449498	-1.00000000
217	6.20354168	2.41460256	-1.00000000
218	6.14724240	2.34872303	-1.00000000
219	6.05280633	2.20224794	-1.00000000
220	6.09581663	2.38120262	-1.00000000
221	6.35884900	2.63646009	-1.00000000
222	6.23975210	3.08721966	-1.00000000
223	6.33963025	3.36384893	-1.00000000
224	6.29549066	4.08511795	-1.00000000
225	6.45123089	3.92641186	-1.00000000
226	6.46630972	4.49499580	-1.00000000
227	6.97104656	4.84865586	-1.00000000
228	7.00347251	5.24535386	-1.00000000
229	6.94662359	4.58527252	-1.00000000
230	6.76483287	4.57157784	-1.00000000
231	6.98818384	5.18843544	-1.00000000
232	6.96864164	5.26519844	-1.00000000
233	6.99239382	5.48703881	-1.00000000
234	6.73901301	5.91144603	-1.00000000
235	6.96985598	5.62011199	-1.00000000
236	7.04101195	5.74078101	-1.00000000
237	6.99943145	6.12836169	-1.00000000
238	7.01932686	5.67844917	-1.00000000
239	6.99835027	6.28177451	-1.00000000
240	7.02975686	6.12830798	-1.00000000
241	6.97593171	6.03785776	-1.00000000
242	6.97977978	5.99563759	-1.00000000
243	6.97792216	6.08229622	-1.00000000
244	7.04688755	6.28179983	-1.00000000
245	7.01152932	6.86686544	-1.00000000
246	6.95659220	6.22798377	-1.00000000
247	7.02578196	6.86671423	-1.00000000
248	6.99095783	6.77192959	-1.00000000
249	7.01064542	6.46325224	-1.00000000
250	6.99556021	6.12832338	28.24110000
251	6.99512082	6.33865600	-1.00000000
252	6.99642556	6.28182461	-1.00000000
253	7.00211621	6.68532399	-1.00000000
254	6.99592319	6.08208188	-1.00000000
255	7.00828496	6.46323644	-1.00000000
256	7.00893050	6.68539831	-1.00000000
257	6.90191113	5.85819827	-1.00000000
258	7.02213440	5.91584799	-1.00000000
259	7.04439893	6.77194421	-1.00000000
260	7.01497715	6.28172344	-1.00000000
261	7.02213569	5.80721610	-1.00000000
262	6.99919294	6.08218958	-1.00000000
263	7.00337944	5.67842433	-1.00000000
264	7.01830132	6.17679963	-1.00000000
265	6.99394020	5.56472575	-1.00000000
266	7.01895310	5.74085913	-1.00000000
267	6.98337111	5.43856891	-1.00000000
268	7.02128947	5.53827059	-1.00000000
269	7.03016244	5.95488121	-1.00000000
270	6.99095351	5.36987133	-1.00000000
271	6.94190767	4.83549419	-1.00000000
272	6.94911791	4.78488977	-1.00000000
273	6.99273524	5.17021717	-1.00000000
274	6.90345191	4.32965470	-1.00000000
275	6.93957993	4.55560691	-1.00000000
276	6.98103852	5.08363818	-1.00000000
277	6.97996490	5.17021413	-1.00000000
278	6.66344722	3.80364973	-1.00000000
279	6.86347931	4.00167426	-1.00000000
280	6.99260443	5.17033757	-1.00000000
281	6.92663988	4.73726511	-1.00000000
282	6.38558724	2.58840128	-1.00000000
283	6.58881920	2.99574344	-1.00000000
284	6.15155839	2.38010832	-1.00000000
285	6.22653543	2.40891720	-1.00000000
286	6.19809967	2.39103627	-1.00000000
287	6.40316555	2.73451599	-1.00000000
288	5.72758533	1.93556791	-1.00000000
289	5.82103452	2.00926058	-1.00000000
290	5.95963767	2.11263023	-1.00000000
291	5.86660731	2.03674509	-1.00000000
292	6.60495282	3.11918687	-1.00000000
293	6.82516512	3.92619197	-1.00000000
294	6.73181710	3.86260973	-1.00000000
295	7.02349070	7.08864759	-1.00000000
296	7.02714633	7.08062580	-1.00000000
297	7.03263160	9.15814221	-1.00000000
298	7.01760331	8.65344616	-1.00000000
299	7.04059326	9.15812278	-1.00000000
300	7.03268390	9.15812223	23.39760000
301	7.04173115	9.15792492	-1.00000000
302	7.04547051	8.99003243	-1.00000000
303	7.06265874	9.15800659	-1.00000000
304	7.00276671	9.15811195	-1.00000000
305	7.04568743	8.56051376	-1.00000000
306	7.04104777	9.15796166	-1.00000000
307	7.03599459	8.83228295	-1.00000000
308	7.04814129	9.15811611	-1.00000000
309	7.01600114	8.64053535	-1.00000000
310	7.03447229	9.15805504	-1.00000000
311	7.03691749	9.15792105	-1.00000000
312	6.09771034	2.28513639	-1.00000000
313	4.69603969	1.35015779	-1.00000000
314	7.01362152	9.15814029	-1.00000000
315	6.99789360	9.15807360	-1.00000000
316	7.01343404	9.15809810	-1.00000000
317	7.04876068	8.74537917	-1.00000000
318	7.04920575	9.15790038	-1.00000000
319	7.00463675	9.15796682	-1.00000000
320	7.03506270	8.85011343	-1.00000000
321	6.99283380	9.15819291	-1.00000000
322	7.05684387	8.81361619	-1.00000000
323	7.04487278	9.15806695	-1.00000000
324	6.99425828	6.12833855	-1.00000000
325	5.85387646	2.24377251	-1.00000000
326	4.45020132	1.20296026	-1.00000000
327	6.02650437	2.19362166	-1.00000000
328	6.92986569	4.88845902	-1.00000000
329	7.02641687	6.12823862	-1.00000000
330	6.99733467	8.46826288	-1.00000000
331	7.07819554	9.15831663	-1.00000000
332	7.02475410	9.15842569	-1.00000000
333	7.11799385	9.15851337	-1.00000000
334	7.04515754	9.15879001	-1.00000000
335	7.12209046	9.15870636	-1.00000000
336	7.09972242	9.15882394	-1.00000000
337	7.10621341	9.15900854	-1.00000000
338	7.09322343	9.15893786	-1.00000000
339	7.14571782	9.15904163	-1.00000000
340	7.17956161	9.15912484	-1.00000000
341	7.12384792	9.15924374	-1.00000000
342	7.12762552	9.15925979	-1.00000000
343	7.18257565	9.15903462	-1.00000000
344	7.23614096	9.15903680	-1.00000000
345	7.23826530	9.15906905	-1.00000000
346	7.24457302	9.15918229	-1.00000000
347	7.17035908	9.15914263	-1.00000000
348	7.13034682	9.15952737	-1.00000000
349	7.14686237	9.15939199	-1.00000000
350	7.16515322	9.15936952	26.15540000
351	7.15872643	9.15939357	-1.00000000
352	7.19229011	9.15943951	-1.00000000
353	7.24520403	9.15939823	-1.00000000
354	7.24344923	9.15942496	-1.00000000
355	7.24378915	9.15929030	-1.00000000
356	7.23186286	9.15937922	-1.00000000
357	7.27052499	9.15936693	-1.00000000
358	7.26567075	9.15927719	-1.00000000
359	7.29368932	9.15925323	-1.00000000
360	7.26110839	9.15927000	-1.00000000
361	7.21527320	9.15921666	-1.00000000
362	7.27279800	9.15920800	-1.00000000
363	7.26348690	9.15935165	-1.00000000
364	7.25319957	9.15925938	-1.00000000
365	7.26699379	9.15935690	-1.00000000
366	7.25104244	9.15928210	-1.00000000
367	7.23828171	9.15934341	-1.00000000
368	7.24599949	9.15941315	-1.00000000
369	7.22163495	9.15929225	-1.00000000
370	7.26177539	9.15924002	-1.00000000
371	7.24772179	9.15933371	-1.00000000
372	7.20476971	9.15931354	-1.00000000
373	7.18570270	9.15933072	-1.00000000
374	7.14813244	9.15948009	-1.00000000
375	7.13580901	9.15940247	-1.00000000
376	7.21724066	9.15923232	-1.00000000
377	7.18494721	9.15933004	-1.00000000
378	7.14274795	9.15943456	-1.00000000
379	7.12988551	9.15933073	-1.00000000
380	7.16827863	9.15947312	-1.00000000
381	7.11934442	9.15939073	-1.00000000
382	7.12835584	9.15936460	-1.00000000
383	7.12787360	9.15944114	-1.00000000
384	7.15240759	9.15920227	-1.00000000
385	7.12375351	9.15921131	-1.00000000
386	7.22208357	9.15924556	-1.00000000
387	7.20953476	9.15917343	-1.00000000
388	7.22690264	9.15909226	-1.00000000
389	7.22882085	9.15918018	-1.00000000
390	7.22778292	9.15904548	-1.00000000
391	7.16120034	9.15905203	-1.00000000
392	7.16858211	9.15899229	-1.00000000
393	7.16161854	9.15931310	-1.00000000
394	7.14424230	9.15922277	-1.00000000
395	7.16471677	9.15897005	-1.00000000
396	7.19003697	9.15897860	-1.00000000
397	7.21396072	9.15886029	-1.00000000
398	7.19765202	9.15877668	-1.00000000
399	7.08795414	9.15893446	-1.00000000
400	7.11224376	9.15908625	24.14040000
401	7.11542608	9.15874643	-1.00000000
402	7.11502743	9.15874541	-1.00000000
403	7.11502006	9.15857839	-1.00000000
404	7.05267197	9.15873392	-1.00000000
405	7.13088440	8.86252508	-1.00000000
406	7.05204733	8.70633865	-1.00000000
407	7.09259414	8.62286262	-1.00000000
408	7.04558922	8.06309035	-1.00000000
409	6.91195029	5.67327799	-1.00000000
410	6.30853172	2.93216442	-1.00000000
411	4.63793130	1.57204074	-1.00000000
412	4.83097457	1.36268739	-1.00000000
413	5.95130083	3.09311657	-1.00000000
414	7.00846313	6.50746867	-1.00000000
415	7.02126882	8.11737904	-1.00000000
416	7.06566128	8.68510739	-1.00000000
417	7.01839402	8.83444532	-1.00000000
418	7.01759422	9.15799709	-1.00000000
419	7.02459394	9.15801973	-1.00000000
420	7.00676939	9.15809376	-1.00000000
421	7.04886038	9.15789569	-1.00000000
422	7.03684999	9.15799496	-1.00000000
423	7.03950526	9.15791488	-1.00000000
424	7.03119822	9.15794192	-1.00000000
425	6.98080824	7.22164517	-1.00000000
426	4.75086793	1.37207560	-1.00000000
427	6.53799307	2.92141430	-1.00000000
428	7.04897896	9.15807593	-1.00000000
429	7.03593984	9.15792638	-1.00000000
430	7.05944301	8.67495761	-1.00000000
431	7.03577113	9.15792319	-1.00000000
432	7.03437198	9.15804169	-1.00000000
433	7.04684751	9.15790349	-1.00000000
434	7.00509887	9.15811086	-1.00000000
435	6.98737922	9.15812308	-1.00000000
436	7.01510515	9.15807995	-1.00000000
437	6.98600589	9.15816506	-1.00000000
438	7.04901714	9.15798868	-1.00000000
439	7.02076240	9.15810405	-1.00000000
440	7.04551558	9.15787456	-1.00000000
441	7.04427854	9.15808009	-1.00000000
442	7.03483575	9.15802975	-1.00000000
443	6.98561912	9.15824545	-1.00000000
444	7.02149625	9.15809227	-1.00000000
445	7.00005425	9.15813766	-1.00000000
446	7.04919190	9.15808947	-1.00000000
447	7.00498152	9.15818516	-1.00000000
448	7.03521992	8.47003633	-1.00000000
449	7.04101838	9.15801146	-1.00000000
450	7.03345148	8.09935133	25.10060000
451	7.02849698	6.78337888	-1.00000000
452	7.02398192	7.08866549	-1.00000000
453	6.98215190	6.12838890	-1.00000000
454	6.74771326	3.55075624	-1.00000000
455	6.57378519	2.95981620	-1.00000000
456	6.76501430	3.43037090	-1.00000000
457	6.61964727	3.04152202	-1.00000000
458	6.56615438	2.95987154	-1.00000000
459	5.82739952	2.83932328	-1.00000000
460	5.59696040	1.85040880	-1.00000000
461	5.47426267	1.69945792	-1.00000000
462	5.80361834	1.98393509	-1.00000000
463	5.79825567	1.97577931	-1.00000000
464	5.96688352	2.15288585	-1.00000000
465	5.87215561	2.04218790	-1.00000000
466	5.76794565	1.94136873	-1.00000000
467	5.86148779	2.04299488	-1.00000000
468	5.95258211	2.12772714	-1.00000000
469	5.49930994	1.80436279	-1.00000000
470	6.47790003	2.75954875	-1.00000000
471	6.73587528	3.34871983	-1.00000000
472	6.32329910	2.54148140	-1.00000000
473	6.51292039	2.85382491	-1.00000000
474	6.79844061	3.62444494	-1.00000000
475	6.68735481	3.25731756	-1.00000000
476	6.72355686	3.99522252	-1.00000000
477	7.04162532	6.68524916	-1.00000000
478	7.01155431	6.68523730	-1.00000000
479	7.03313805	6.28180776	-1.00000000
480	7.03724115	6.86675443	-1.00000000
481	7.00577374	9.15809647	-1.00000000
482	7.04614721	9.15805613	-1.00000000
483	7.03427514	9.15813525	-1.00000000
484	7.02734054	8.66648193	-1.00000000
485	7.03898992	9.15785573	-1.00000000
486	7.04663978	9.15806290	-1.00000000
487	7.03729290	9.15812929	-1.00000000
488	6.98651968	9.15799563	-1.00000000
489	7.03603993	9.15809548	-1.00000000
490	7.00697662	9.15795640	-1.00000000
491	7.00107677	9.15803728	-1.00000000
492	7.03676981	9.15809290	-1.00000000
493	7.02139591	9.15817166	-1.00000000
494	7.04389533	9.15809044	-1.00000000
495	7.01127765	9.15796332	-1.00000000
496	7.05849443	9.15799358	-1.00000000
497	7.03320896	9.15811986	-1.00000000
498	7.06162754	9.15799348	-1.00000000
499	7.03928737	9.15798271	-1.00000000
500	7.04409068	9.15816211	20.21160000
501	7.03888644	9.15806865	-1.00000000
502	7.03950863	9.15795208	-1.00000000
503	7.05419469	9.15813825	-1.00000000
504	7.03278121	9.15804066	-1.00000000
505	7.03966320	9.15813831	-1.00000000
506	7.02895712	9.15807206	-1.00000000
507	7.04200987	9.15796361	-1.00000000
508	7.05950356	9.15810107	-1.00000000
509	7.03842563	9.15810021	-1.00000000
510	7.01576223	9.15814221	-1.00000000
511	7.02387350	9.15804244	-1.00000000
512	7.03453340	9.15788503	-1.00000000
513	6.98808353	5.39223151	-1.00000000
514	6.90438460	4.10142303	-1.00000000
515	4.51380047	1.33178598	-1.00000000
516	6.81192946	3.71242828	-1.00000000
517	7.05628996	9.15798335	-1.00000000
518	7.02248804	9.15789244	-1.00000000
519	7.04204870	9.15807827	-1.00000000
520	7.00674054	9.15800621	-1.00000000
521	7.04896694	9.15811176	-1.00000000
522	7.02247590	9.15799242	-1.00000000
523	7.02869252	9.15795888	-1.00000000
524	7.04363657	8.46908599	-1.00000000
525	7.02104127	9.15812998	-1.00000000
526	7.04150395	9.15802955	-1.00000000
527	7.03263856	8.47249167	-1.00000000
528	7.03648711	9.15808634	-1.00000000
529	7.03844533	9.15796775	-1.00000000
530	7.02477104	9.15811170	-1.00000000
531	7.03405046	8.95261410	-1.00000000
532	7.03930185	9.15811314	-1.00000000
533	7.02458656	8.46816548	-1.00000000
534	7.00928160	5.64880561	-1.00000000
535	6.76572311	4.24839829	-1.00000000
536	6.82807842	3.74223438	-1.00000000
537	6.18530231	2.36694527	-1.00000000
538	5.70125377	1.90405744	-1.00000000
539	5.51676437	1.78379135	-1.00000000
540	4.61758294	1.34085027	-1.00000000
541	6.20160970	2.33825259	-1.00000000
542	6.55006288	2.98982573	-1.00000000
543	6.89310364	4.02970777	-1.00000000
544	6.73916230	3.39924552	-1.00000000
545	6.95530655	4.35316885	-1.00000000
546	7.06385030	6.86670617	-1.00000000
547	7.00760073	6.08199842	-1.00000000
548	7.03259537	6.68522070	-1.00000000
549	7.03261486	7.37503238	-1.00000000
550	7.01640816	9.15817543	20.69150000
551	7.01156939	9.15825149	-1.00000000
552	6.99925931	9.15807834	-1.00000000
553	7.03209045	9.15835694	-1.00000000
554	7.07292336	9.15821424	-1.00000000
555	7.06825891	9.15818894	-1.00000000
556	7.02535478	9.15843380	-1.00000000
557	7.04888114	9.15835235	-1.00000000
558	7.01595711	9.15856384	-1.00000000
559	7.02232633	9.15862147	-1.00000000
560	7.04884997	9.15830608	-1.00000000
561	7.06144405	9.15827222	-1.00000000
562	7.01774233	9.15837709	-1.00000000
563	7.03641445	9.15859050	-1.00000000
564	7.04998292	9.15827370	-1.00000000
565	7.09264306	9.15854357	-1.00000000
566	7.09438633	9.15863196	-1.00000000
567	7.06329622	9.15841326	-1.00000000
568	7.06768754	9.15846718	-1.00000000
569	7.09156243	9.15840730	-1.00000000
570	7.11383882	9.15844401	-1.00000000
571	7.08901304	9.15831728	-1.00000000
572	7.11793736	9.15833291	-1.00000000
573	7.10883176	9.15842687	-1.00000000
574	7.08703986	9.15843247	-1.00000000
575	7.08683818	9.15828566	-1.00000000
576	7.11303582	9.15843294	-1.00000000
577	7.10905497	9.15839614	-1.00000000
578	7.10775176	9.15837513	-1.00000000
579	7.12479713	9.15841022	-1.00000000
580	7.08918215	9.15845760	-1.00000000
581	7.10455693	9.15849102	-1.00000000
582	7.11729348	9.15849688	-1.00000000
583	7.11799125	9.15842531	-1.00000000
584	7.10133128	9.15831968	-1.00000000
585	7.13218817	9.15838740	-1.00000000
586	7.12349150	9.15860719	-1.00000000
587	7.10737197	9.15843628	-1.00000000
588	7.11012272	9.15835503	-1.00000000
589	7.11412725	9.15830067	-1.00000000
590	7.11083048	9.15842655	-1.00000000
591	7.11769804	9.15848008	-1.00000000
592	7.10153553	9.15837701	-1.00000000
593	7.11227783	9.15823859	-1.00000000
594	7.11450942	9.15855518	-1.00000000
595	7.09954935	9.15841980	-1.00000000
596	7.10969647	9.15839476	-1.00000000
597	7.06811538	9.15836613	-1.00000000
598	7.05778881	9.15855866	-1.00000000
599	7.03978892	9.15825323	-1.00000000
600	7.05683044	9.15842637	21.81000000
601	7.04330503	9.15853176	-1.00000000
602	7.04329665	9.15847821	-1.00000000
603	7.01233595	9.15827703	-1.00000000
604	7.02211975	9.15863837	-1.00000000
605	7.03126207	9.15834986	-1.00000000
606	7.05921741	9.15826334	-1.00000000
607	7.09757562	9.15812295	-1.00000000
608	7.06590492	9.15829661	-1.00000000
609	7.06162619	9.15818046	-1.00000000
610	7.06474021	9.15821874	-1.00000000
611	7.06775434	8.46839262	-1.00000000
612	7.02784284	9.15815645	-1.00000000
613	7.02306846	9.15817801	-1.00000000
614	7.01281056	9.15816145	-1.00000000
615	6.98600736	8.06492212	-1.00000000
616	7.02091765	7.77865239	-1.00000000
617	7.05061924	7.08883573	-1.00000000
618	6.97438471	5.98187811	-1.00000000
619	6.92759484	6.42416999	-1.00000000
620	6.88005035	4.75305954	-1.00000000
621	6.65816081	3.94877790	-1.00000000
622	6.65649807	3.17131093	-1.00000000
623	6.46468853	2.74378827	-1.00000000
624	5.98692331	2.16135113	-1.00000000
625	6.05239898	2.21195069	-1.00000000
626	4.44198409	1.29364455	-1.00000000
627	5.52251658	1.78634810	-1.00000000
628	4.83845556	1.34970735	-1.00000000
629	5.40566793	1.69370704	-1.00000000
630	6.66789709	3.18584343	-1.00000000
631	6.81762971	3.68356647	-1.00000000
632	7.01638172	5.48708362	-1.00000000
633	7.00066813	5.65833659	-1.00000000
634	6.98670785	7.23156180	-1.00000000
635	7.03122731	8.18536267	-1.00000000
636	7.04482329	9.15794257	-1.00000000
637	7.02101043	8.49255356	-1.00000000
638	7.03303551	9.15814353	-1.00000000
639	7.04409837	9.15805855	-1.00000000
640	7.04047572	8.89117909	-1.00000000
641	7.04458555	9.15800143	-1.00000000
642	7.04298644	9.15806691	-1.00000000
643	7.00123181	9.15800483	-1.00000000
644	7.04667727	8.61999901	-1.00000000
645	7.04546449	9.15803034	-1.00000000
646	7.03588671	8.46933583	-1.00000000
647	7.01889145	9.15803920	-1.00000000
648	7.04918190	9.15810528	-1.00000000
649	6.99849828	9.15803557	-1.00000000
650	7.03918956	9.15805953	15.44420000
651	7.04024040	9.15809160	-1.00000000
652	7.01499169	9.15798365	-1.00000000
653	7.05591531	9.15804917	-1.00000000
654	7.01256564	9.15818724	-1.00000000
655	7.02527938	9.15801397	-1.00000000
656	7.03816501	9.15812960	-1.00000000
657	7.04931919	9.15816004	-1.00000000
658	7.00193751	8.06493866	-1.00000000
659	6.86410164	3.93133872	-1.00000000
660	4.93825676	1.47754420	-1.00000000
661	4.66405451	1.33190373	-1.00000000
662	6.24127804	2.43993181	-1.00000000
663	7.04143425	9.15809801	-1.00000000
664	7.03332647	9.15791289	-1.00000000
665	7.03306916	9.15803181	-1.00000000
666	7.02227352	9.15801644	-1.00000000
667	7.04283677	9.15790529	-1.00000000
668	7.00052494	9.15802354	-1.00000000
669	7.03420459	9.15807536	-1.00000000
670	7.04598037	9.15797635	-1.00000000
671	7.05576680	9.15799818	-1.00000000
672	7.02509481	9.15796213	-1.00000000
673	7.04318708	9.15803661	-1.00000000
674	7.01595789	8.99205587	-1.00000000
675	7.02277962	9.15813858	-1.00000000
676	7.01202936	9.15807384	-1.00000000
677	7.01655717	9.15797432	-1.00000000
678	7.02273807	9.15786516	-1.00000000
679	7.04248307	9.15807121	-1.00000000
680	7.03112470	9.15800975	-1.00000000
681	7.05519184	9.15806946	-1.00000000
682	7.02266619	9.15800169	-1.00000000
683	7.05069375	8.86614659	-1.00000000
684	6.99683840	9.15794658	-1.00000000
685	7.04079392	9.15814489	-1.00000000
686	7.01558192	9.15791618	-1.00000000
687	7.02552029	9.15800091	-1.00000000
688	7.03597219	9.15801602	-1.00000000
689	7.04721999	9.15804670	-1.00000000
690	6.98828192	9.15808740	-1.00000000
691	7.02416122	9.15812173	-1.00000000
692	7.00929923	9.15804395	-1.00000000
693	7.04395035	9.15803753	-1.00000000
694	7.04361104	8.47112537	-1.00000000
695	7.02459698	8.57821140	-1.00000000
696	7.01931807	9.15805257	-1.00000000
697	7.04160444	9.15799422	-1.00000000
698	7.03596877	9.15790359	-1.00000000
699	6.98853039	9.15808282	-1.00000000
700	7.04055480	9.15805359	20.63360000
701	7.04893090	9.15802893	-1.00000000
702	7.04819305	8.52245923	-1.00000000
703	7.05704706	9.15811575	-1.00000000
704	7.00604347	9.15812015	-1.00000000
705	7.00389609	9.15804817	-1.00000000
706	7.02736503	9.15796682	-1.00000000
707	7.04367541	9.15797051	-1.00000000
708	7.01921736	8.67119769	-1.00000000
709	7.01810252	9.15796211	-1.00000000
710	7.03622860	8.54914006	-1.00000000
711	7.06997385	9.15800598	-1.00000000
712	7.04081332	9.15793592	-1.00000000
713	7.04726645	9.15803615	-1.00000000
714	7.05840199	8.57592444	-1.00000000
715	7.04059608	9.15800030	-1.00000000
716	6.98543774	9.15831157	-1.00000000
717	7.04960447	9.15797846	-1.00000000
718	7.05356494	9.15807843	-1.00000000
719	6.99743088	8.46908396	-1.00000000
720	7.03859359	9.15809844	-1.00000000
721	7.01574945	8.47001674	-1.00000000
722	7.00260293	8.53953919	-1.00000000
723	7.02610715	9.15799077	-1.00000000
724	7.01253937	8.70564310	-1.00000000
725	7.04450302	8.61433592	-1.00000000
726	7.01286047	9.15804082	-1.00000000
727	7.03798667	8.51639805	-1.00000000
728	7.03793818	9.15794905	-1.00000000
729	7.03663657	9.15800797	-1.00000000
730	6.97723315	8.83437878	-1.00000000
731	7.04596142	9.15802320	-1.00000000
732	7.00564875	9.15803335	-1.00000000
733	7.03171001	8.61481576	-1.00000000
734	6.99668067	9.15808223	-1.00000000
735	7.03171762	8.52077920	-1.00000000
736	7.02113612	9.15808010	-1.00000000
737	7.01364866	9.06835107	-1.00000000
738	7.01089362	9.15803312	-1.00000000
739	7.04419015	9.15801770	-1.00000000
740	7.03187719	9.15814550	-1.00000000
741	7.05392723	8.54063290	-1.00000000
742	6.98825501	9.15813707	-1.00000000
743	7.03448292	9.15800152	-1.00000000
744	7.04559021	9.15797748	-1.00000000
745	7.03607440	9.15793662	-1.00000000
746	7.01951092	9.15806486	-1.00000000
747	7.02812131	8.62840162	-1.00000000
748	7.00426507	9.15811882	-1.00000000
749	7.04394622	9.15807029	-1.00000000
750	7.03507127	8.65948813	19.03590000
751	7.01938320	8.66571142	-1.00000000
752	7.04624603	9.15810329	-1.00000000
753	6.98357588	8.51596238	-1.00000000
754	7.05116859	9.15801205	-1.00000000
755	7.00501136	9.15804774	-1.00000000
756	7.01163396	8.82024349	-1.00000000
757	6.99595482	8.89960358	-1.00000000
758	7.04767753	8.51763751	-1.00000000
759	7.02500853	9.15795398	-1.00000000
760	7.02593519	9.15798676	-1.00000000
761	7.00574421	9.15815846	-1.00000000
762	7.04114480	9.15797990	-1.00000000
763	7.04499090	9.15800486	-1.00000000
764	7.07062836	9.15798496	-1.00000000
765	7.03548990	9.15800582	-1.00000000
766	7.03751188	9.15808076	-1.00000000
767	7.02835849	9.15796449	-1.00000000
768	7.05352180	9.15800818	-1.00000000
769	7.05199482	9.15797671	-1.00000000
770	6.07129743	2.28110330	-1.00000000
771	4.72937950	1.36659032	-1.00000000
772	6.32912155	2.58624011	-1.00000000
773	6.83731312	3.73354403	-1.00000000
774	7.00920382	9.15803776	-1.00000000
775	6.98932924	9.15812567	-1.00000000
776	7.04399501	9.15796351	-1.00000000
777	7.03785000	9.15803669	-1.00000000
778	7.02286132	8.57293524	-1.00000000
779	7.02460331	9.15808989	-1.00000000
780	7.03446051	9.02790307	-1.00000000
781	7.04075932	9.15797757	-1.00000000
782	7.03563462	9.15792258	-1.00000000
783	7.04282294	9.15800852	-1.00000000
784	7.03840609	8.46959010	-1.00000000
785	7.01928107	8.52274773	-1.00000000
786	7.04378972	9.15797704	-1.00000000
787	7.04521708	9.15798666	-1.00000000
788	6.98835777	9.15803956	-1.00000000
789	7.04589939	9.08428620	-1.00000000
790	7.05666163	9.15792895	-1.00000000
791	7.04246745	9.15801509	-1.00000000
792	7.05287403	8.99620321	-1.00000000
793	7.01931699	6.69417901	-1.00000000
794	6.97409315	4.81630553	-1.00000000
795	6.33527798	3.68200375	-1.00000000
796	6.17541822	2.34818022	-1.00000000
797	4.87238081	1.86877946	-1.00000000
798	4.44693182	1.22687903	-1.00000000
799	4.57340678	1.22608036	-1.00000000
800	4.75341474	1.54433229	17.66860000
801	5.27747934	1.89823343	-1.00000000
802	5.73308860	2.73745822	-1.00000000
803	6.75257311	3.66127774	-1.00000000
804	6.79321231	4.36882148	-1.00000000
805	6.92909943	5.82811137	-1.00000000
806	6.97294063	7.00797805	-1.00000000
807	7.00195957	7.55935871	-1.00000000
808	7.07682965	8.12159113	-1.00000000
809	7.08824169	8.26032996	-1.00000000
810	7.02156231	8.09306917	-1.00000000
811	7.02156323	8.07489480	-1.00000000
812	7.03130479	8.12494147	-1.00000000
813	7.10869679	8.09526763	-1.00000000
814	7.11893064	8.08120103	-1.00000000
815	7.07339135	8.07051383	-1.00000000
816	7.08618071	8.06772052	-1.00000000
817	7.04344059	8.03448848	-1.00000000
818	7.06127502	7.93882850	-1.00000000
819	7.06609548	7.88777409	-1.00000000
820	7.13307898	7.84447092	-1.00000000
821	7.13329154	7.82447739	-1.00000000
822	7.15135628	7.80540872	-1.00000000
823	7.13180235	7.79905343	-1.00000000
824	7.17560032	7.79009565	-1.00000000
825	7.15286409	7.78453890	-1.00000000
826	7.10857152	7.78247346	-1.00000000
827	7.07113104	7.78214682	-1.00000000
828	7.08592013	7.75549658	-1.00000000
829	7.06994051	7.70348427	-1.00000000
830	7.06519128	7.66627594	-1.00000000
831	7.11575477	7.65877591	-1.00000000
832	7.06177353	7.62945882	-1.00000000
833	7.07998463	7.61523873	-1.00000000
834	7.09309921	7.60349733	-1.00000000
835	7.07867206	7.59744355	-1.00000000
836	7.09123724	7.58845623	-1.00000000
837	7.12101451	7.58106740	-1.00000000
838	7.08970294	7.57880534	-1.00000000
839	7.09781888	7.57442733	-1.00000000
840	7.10210734	7.57204828	-1.00000000
841	7.09596509	7.57002630	-1.00000000
842	7.13426875	7.56688843	-1.00000000
843	7.08581451	7.56632691	-1.00000000
844	7.15331819	7.56369470	-1.00000000
845	7.11993916	7.56315563	-1.00000000
846	7.08480520	7.56345156	-1.00000000
847	7.08161992	7.56220901	-1.00000000
848	7.13923374	7.56115101	-1.00000000
849	7.06775040	7.56139895	-1.00000000
850	7.07283883	7.56109175	21.55610000
851	7.09031409	7.56117002	-1.00000000
852	7.07480467	7.56134348	-1.00000000
853	7.08272903	7.52765613	-1.00000000
854	7.08170413	7.49725892	-1.00000000
855	7.08522818	7.47766881	-1.00000000
856	7.08300466	7.46590818	-1.00000000
857	7.08426867	7.41609313	-1.00000000
858	7.07293646	7.42644145	-1.00000000
859	7.06797197	7.41453699	-1.00000000
860	7.07188207	7.40580814	-1.00000000
861	7.10104387	7.39875558	-1.00000000
862	7.05688726	7.38806472	-1.00000000
863	7.17281435	7.38968954	-1.00000000
864	7.12499344	7.38239274	-1.00000000
865	7.17170672	7.27271853	-1.00000000
866	7.14692719	7.38082297	-1.00000000
867	7.13700899	7.11848707	-1.00000000
868	7.09015290	7.01894272	-1.00000000
869	7.09867673	6.90342089	-1.00000000
870	7.04521023	6.58666806	-1.00000000
871	6.96692578	6.52278251	-1.00000000
872	6.89336307	6.22890438	-1.00000000
873	6.79999448	6.01636354	-1.00000000
874	6.67539873	5.66788286	-1.00000000
875	6.51557230	5.38245763	-1.00000000
876	6.24488171	5.11544301	-1.00000000
877	6.04752149	4.84690666	-1.00000000
878	4.78646391	4.29663727	-1.00000000
879	4.40863793	4.04358067	-1.00000000
880	4.13874674	3.52556352	-1.00000000
881	4.00576159	3.25875664	-1.00000000
882	3.92776798	3.00056824	-1.00000000
883	3.81572259	2.62140417	-1.00000000
884	3.75942783	2.31726809	-1.00000000
885	3.83050749	2.14685109	-1.00000000
886	3.77218825	1.99365239	-1.00000000
887	3.86249540	1.91184430	-1.00000000
888	3.76956277	2.09037304	-1.00000000
889	3.89727269	2.23045119	-1.00000000
890	3.86257038	2.71587351	-1.00000000
891	4.06287022	3.10507810	-1.00000000
892	4.17732017	3.51386020	-1.00000000
893	4.83577469	4.42532446	-1.00000000
894	6.15343534	5.17559023	-1.00000000
895	6.35231228	5.92196110	-1.00000000
896	6.97333663	6.57292746	-1.00000000
897	6.99861164	7.11364868	-1.00000000
898	7.02003011	7.35450284	-1.00000000
899	6.99853734	7.44177319	-1.00000000
900	7.06397245	7.49238892	14.45240000
901	7.04829518	7.57269878	-1.00000000
902	7.01445387	7.59529939	-1.00000000
903	7.01225597	7.64642779	-1.00000000
904	7.02269317	7.72927588	-1.00000000
905	7.02718180	7.84073914	-1.00000000
906	7.03645993	7.87795313	-1.00000000
907	7.03223635	8.08288713	-1.00000000
908	6.98611614	8.13897436	-1.00000000
909	7.03147411	8.17909340	-1.00000000
910	7.03164855	8.25653907	-1.00000000
911	7.03376200	8.52000636	-1.00000000
912	7.04619533	8.60959119	-1.00000000
913	7.04088466	9.15790834	-1.00000000
914	6.77636005	3.50551205	-1.00000000
915	4.71123484	1.35981921	-1.00000000
916	4.69633444	2.14935566	-1.00000000
917	6.80693250	4.59890366	-1.00000000
918	7.03776375	8.62091495	-1.00000000
919	7.00263874	8.49615789	-1.00000000
920	7.05155919	8.42598405	-1.00000000
921	7.03600357	8.48154282	-1.00000000
922	7.04199409	8.33068098	-1.00000000
923	7.05460782	8.10085280	-1.00000000
924	7.02287964	8.10158756	-1.00000000
925	7.01883389	7.93076456	-1.00000000
926	6.97871606	7.87555733	-1.00000000
927	7.03097865	7.81590715	-1.00000000
928	7.04285717	7.65750780	-1.00000000
929	7.04716748	7.67460536	-1.00000000
930	6.99450645	7.64136973	-1.00000000
931	7.04529757	7.56857147	-1.00000000
932	7.05101903	7.44824709	-1.00000000
933	7.01814860	7.44847439	-1.00000000
934	7.02825089	7.35871495	-1.00000000
935	7.03495251	7.39707314	-1.00000000
936	7.05477831	7.28810167	-1.00000000
937	7.03296745	7.31120407	-1.00000000
938	6.99073206	7.24697063	-1.00000000
939	6.97208094	7.19905102	-1.00000000
940	7.02618208	7.20910553	-1.00000000
941	7.02018857	6.96582617	-1.00000000
942	7.01422571	6.78849872	-1.00000000
943	6.80127683	6.47661315	-1.00000000
944	6.79606673	6.24468435	-1.00000000
945	6.15289660	5.85225845	-1.00000000
946	5.93016052	5.54993629	-1.00000000
947	5.51704980	5.24238358	-1.00000000
948	5.33528275	5.03698003	-1.00000000
949	5.33641646	4.83295543	-1.00000000
950	5.30447599	4.68271621	23.26020000
951	5.26782161	4.60563165	-1.00000000
952	5.36653696	4.43197513	-1.00000000
953	5.33853564	4.31421387	-1.00000000
954	5.31085001	4.36547544	-1.00000000
955	5.27342763	4.33926545	-1.00000000
956	5.31081290	4.49579971	-1.00000000
957	5.27232756	4.33084750	-1.00000000
958	5.33063087	4.40852717	-1.00000000
959	5.37865600	4.41948086	-1.00000000
960	5.34000668	4.47837405	-1.00000000
961	5.29129045	4.37510382	-1.00000000
962	5.39914780	4.38085633	-1.00000000
963	5.42276758	4.43071829	-1.00000000
964	5.40442450	4.40468598	-1.00000000
965	5.36831172	4.38066867	-1.00000000
966	5.31008167	4.46114940	-1.00000000
967	5.28711505	4.44227353	-1.00000000
968	5.34256278	4.41388364	-1.00000000
969	5.29748439	4.54818406	-1.00000000
970	5.42111418	4.47871371	-1.00000000
971	5.33906079	4.48628560	-1.00000000
972	5.32994354	4.53629799	-1.00000000
973	5.31576763	4.48411051	-1.00000000
974	5.38936868	4.46868319	-1.00000000
975	5.31198521	4.42958055	-1.00000000
976	5.34996374	4.44705780	-1.00000000
977	5.33452844	4.48432569	-1.00000000
978	5.35885818	4.52985418	-1.00000000
979	5.33096140	4.52321664	-1.00000000
980	5.36718814	4.42350567	-1.00000000
981	5.47662323	4.53842358	-1.00000000
982	5.44250758	4.54460840	-1.00000000
983	5.31581986	4.54788819	-1.00000000
984	5.40912764	4.46023997	-1.00000000
985	5.32459543	4.46728141	-1.00000000
986	5.34826288	4.47070033	-1.00000000
987	5.44382366	4.46881972	-1.00000000
988	5.41525663	4.46915911	-1.00000000
989	5.48954814	4.57120175	-1.00000000
990	5.38818856	4.45671832	-1.00000000
991	5.41175890	4.44471196	-1.00000000
992	5.45350596	4.49703397	-1.00000000
993	5.42603309	4.50480784	-1.00000000
994	5.37648344	4.50281980	-1.00000000
995	5.40826689	4.49943563	-1.00000000
996	5.40284697	4.52068910	-1.00000000
997	5.44480750	4.48110490	-1.00000000
998	5.33459716	4.52166774	-1.00000000
999	5.36212572	4.50431103	-1.00000000
1000	5.41102487	4.50736048	23.82270000
1001	5.38179945	4.47202876	-1.00000000
1002	5.43718499	4.53796501	-1.00000000
1003	5.42225983	4.48979584	-1.00000000
1004	5.33956580	4.57218937	-1.00000000
1005	5.36408212	4.60228870	-1.00000000
1006	5.43653629	4.53431202	-1.00000000
1007	5.44340369	4.56008266	-1.00000000
1008	5.41849696	4.63452983	-1.00000000
1009	5.41230468	4.47864033	-1.00000000
1010	5.45743894	4.58169215	-1.00000000
1011	5.42155616	4.60448774	-1.00000000
1012	5.34473288	4.59684528	-1.00000000
1013	5.38879001	4.59044523	-1.00000000
1014	5.47674608	4.72257546	-1.00000000
1015	5.38579795	4.57330839	-1.00000000
1016	5.45994499	4.56379732	-1.00000000
1017	5.35625015	4.58590236	-1.00000000
1018	5.52508391	4.60506699	-1.00000000
1019	5.44992634	4.63197637	-1.00000000
1020	5.41454693	4.61474243	-1.00000000
1021	5.35895477	4.54089623	-1.00000000
1022	5.38540921	4.64721174	-1.00000000
1023	5.45711036	4.59588183	-1.00000000
1024	5.35134649	4.51598314	-1.00000000
1025	5.35968788	4.57757251	-1.00000000
1026	5.45847533	4.60230312	-1.00000000
1027	5.30991982	4.55439961	-1.00000000
1028	5.36085128	4.64907585	-1.00000000
1029	5.39813969	4.54446371	-1.00000000
1030	5.41155563	4.65274777	-1.00000000
1031	5.39944491	4.58772597	-1.00000000
1032	5.42016255	4.69595040	-1.00000000
1033	5.49653803	4.53639026	-1.00000000
1034	5.41365777	4.68364588	-1.00000000
1035	5.45981989	4.59438210	-1.00000000
1036	5.46169379	4.66533325	-1.00000000
1037	5.39342177	4.76615985	-1.00000000
1038	5.40981839	4.62860002	-1.00000000
1039	5.41119068	4.79551944	-1.00000000
1040	5.43301771	4.78526276	-1.00000000
1041	5.44139578	4.75141404	-1.00000000
1042	5.44029745	4.64288519	-1.00000000
1043	5.34818313	4.64974028	-1.00000000
1044	5.37795048	4.72360886	-1.00000000
1045	5.38304737	4.77839045	-1.00000000
1046	5.34832833	4.67616124	-1.00000000
1047	5.35705888	4.59504746	-1.00000000
1048	5.45330157	4.80092329	-1.00000000
1049	5.40299108	4.75923425	-1.00000000
1050	5.44624250	4.78262541	23.43000000
1051	5.40490924	4.67652208	-1.00000000
1052	5.41542093	4.75101283	-1.00000000
1053	5.44159087	4.78745690	-1.00000000
1054	5.52012561	4.80610618	-1.00000000
1055	5.40801599	4.80503563	-1.00000000
1056	5.44836737	4.84739271	-1.00000000
1057	5.43464693	4.79083712	-1.00000000
1058	5.39175430	4.78645858	-1.00000000
1059	5.36708484	4.84768903	-1.00000000
1060	5.43338440	4.89679912	-1.00000000
1061	5.56574540	4.82466595	-1.00000000
1062	5.48121616	4.84296433	-1.00000000
1063	5.46728841	4.83910061	-1.00000000
1064	5.47087322	4.80894124	-1.00000000
1065	5.51900979	4.89574734	-1.00000000
1066	5.44592809	4.82240118	-1.00000000
1067	5.40154409	4.83365785	-1.00000000
1068	5.41027877	4.81379529	-1.00000000
1069	5.52763854	4.81241934	-1.00000000
1070	5.50938685	4.84650751	-1.00000000
1071	5.48595892	4.83328879	-1.00000000
1072	5.51345872	4.83283171	-1.00000000
1073	5.43105717	4.89176539	-1.00000000
1074	5.45176878	4.87092629	-1.00000000
1075	5.46233189	4.87698004	-1.00000000
1076	5.52304434	4.83118529	-1.00000000
1077	5.50986989	4.88131172	-1.00000000
1078	5.47968173	4.89307459	-1.00000000
1079	5.52288314	4.93934052	-1.00000000
1080	5.50642431	4.87974818	-1.00000000
1081	5.49011099	4.94341814	-1.00000000
1082	5.50736049	4.96396666	-1.00000000
1083	5.43904760	5.00677186	-1.00000000
1084	5.53426478	4.98526594	-1.00000000
1085	5.49229535	5.01522836	-1.00000000
1086	5.43468260	4.97630342	-1.00000000
1087	5.39382458	5.00241244	-1.00000000
1088	5.50232785	5.02904647	-1.00000000
1089	5.40068167	4.90125814	-1.00000000
1090	5.48923228	4.98346596	-1.00000000
1091	5.48892311	5.01106913	-1.00000000
1092	5.41880623	4.97935999	-1.00000000
1093	5.52052785	4.98756274	-1.00000000
1094	5.45681323	5.00522671	-1.00000000
1095	5.45764508	4.97024512	-1.00000000
1096	5.41425802	4.99697145	-1.00000000
1097	5.46280470	5.02092844	-1.00000000
1098	5.43799535	5.04255310	-1.00000000
1099	5.43475135	5.04993668	-1.00000000
1100	5.51864558	5.01192371	21.13830000
1101	5.50816459	5.07431341	-1.00000000
1102	5.45164869	5.04320434	-1.00000000
1103	5.51741369	5.05346690	-1.00000000
1104	5.48649737	5.05589242	-1.00000000
1105	5.51651736	5.06955085	-1.00000000
1106	5.49038508	5.11924328	-1.00000000
1107	5.47148713	5.09152282	-1.00000000
1108	5.43091902	5.07054990	-1.00000000
1109	5.45418243	5.11176823	-1.00000000
1110	5.43278985	5.10872896	-1.00000000
1111	5.41513170	5.10279036	-1.00000000
1112	5.43744827	5.20596275	-1.00000000
1113	5.49671832	5.06098439	-1.00000000
1114	5.47928289	5.16924570	-1.00000000
1115	5.56312351	5.18083657	-1.00000000
1116	5.46118438	5.20381175	-1.00000000
1117	5.42652226	5.21069248	-1.00000000
1118	5.52593917	5.30028688	-1.00000000
1119	5.50882389	5.33779746	-1.00000000
1120	5.53905118	5.36738745	-1.00000000
1121	5.61115630	5.48324855	-1.00000000
1122	5.60212946	5.58312091	-1.00000000
1123	5.87997274	5.67552063	-1.00000000
1124	6.05959385	5.80166133	-1.00000000
1125	5.92467531	5.90050353	-1.00000000
1126	6.15655514	5.97234797	-1.00000000
1127	6.35232039	6.06250763	-1.00000000
1128	6.83294064	6.16495954	-1.00000000
1129	6.89578009	6.25720634	-1.00000000
1130	6.84809447	6.39156384	-1.00000000
1131	7.01730851	6.42001436	-1.00000000
1132	6.98153721	6.50345139	-1.00000000
1133	7.03366485	6.50865818	-1.00000000
1134	6.99723452	6.54144796	-1.00000000
1135	7.02874186	6.58764161	-1.00000000
1136	7.01991866	6.59407833	-1.00000000
1137	7.02406665	6.60951384	-1.00000000
1138	7.00873185	6.62233160	-1.00000000
1139	7.00716485	6.62969595	-1.00000000
1140	7.02443410	6.65517110	-1.00000000
1141	7.02384011	6.69997894	-1.00000000
1142	7.01249259	6.73513733	-1.00000000
1143	7.03444833	6.70417574	-1.00000000
1144	7.04704819	6.73284924	-1.00000000
1145	7.02057864	6.79299107	-1.00000000
1146	7.03802826	6.81455202	-1.00000000
1147	7.03169185	6.85238338	-1.00000000
1148	7.04868534	6.83642527	-1.00000000
1149	7.02397982	6.90235061	-1.00000000
1150	7.00733665	6.91231279	16.45390000
1151	7.04398777	7.01757424	-1.00000000
1152	7.02407574	7.00110873	-1.00000000
1153	7.01557516	7.01941909	-1.00000000
1154	7.04875356	7.12313800	-1.00000000
1155	7.04229696	7.19366604	-1.00000000
1156	7.05024421	7.18744306	-1.00000000
1157	7.02294024	7.28439824	-1.00000000
1158	7.03380873	7.39491434	-1.00000000
1159	6.91278288	7.25510137	-1.00000000
1160	6.66366689	6.79497860	-1.00000000
1161	6.65165296	5.93302710	-1.00000000
1162	5.05826310	4.57306932	-1.00000000
1163	4.53778863	2.19261766	-1.00000000
1164	4.73841238	1.55735595	-1.00000000
1165	6.99091406	5.80717967	-1.00000000
1166	7.04257425	8.52120463	-1.00000000
1167	7.02144750	8.07552962	-1.00000000
1168	7.00041591	7.65184617	-1.00000000
1169	7.01744403	7.41675000	-1.00000000
1170	6.98925730	7.26020145	-1.00000000
1171	6.98712647	7.03154177	-1.00000000
1172	7.00117160	6.91731370	-1.00000000
1173	6.97394036	6.69083187	-1.00000000
1174	6.38394708	6.09271559	-1.00000000
1175	4.87250943	5.39899046	-1.00000000
1176	4.26346856	4.78185796	-1.00000000
1177	4.28365914	4.51704937	-1.00000000
1178	4.25773752	4.48104836	-1.00000000
1179	4.24058016	4.42958045	-1.00000000
1180	4.34065397	4.38145598	-1.00000000
1181	4.26003141	4.41997831	-1.00000000
1182	4.27441155	4.42211488	-1.00000000
1183	4.23102802	4.39189582	-1.00000000
1184	4.35229060	4.44094514	-1.00000000
1185	4.26652644	4.38244015	-1.00000000
1186	4.36896748	4.37479738	-1.00000000
1187	4.29853505	4.33311822	-1.00000000
1188	4.28459264	4.35100129	-1.00000000
1189	4.45194399	4.39970706	-1.00000000
1190	4.39099912	4.34929889	-1.00000000
1191	4.27430049	4.33429129	-1.00000000
1192	4.38653479	4.37674350	-1.00000000
1193	4.40691804	4.33503059	-1.00000000
1194	4.42769485	4.37030813	-1.00000000
1195	4.42952671	4.35817034	-1.00000000
1196	4.32606749	4.29598251	-1.00000000
1197	4.29136986	4.29344669	-1.00000000
1198	4.40867050	4.28411049	-1.00000000
1199	4.38459209	4.27841683	-1.00000000
